0.00000e+00 3.10905e-05
1.00000e-09 -4.28608e-05
2.00000e-09 -1.36194e-04
3.00000e-09 -2.26673e-04
4.00000e-09 -2.98736e-04
5.00000e-09 -3.31899e-04
6.00000e-09 -3.31182e-04
7.00000e-09 -2.89120e-04
8.00000e-09 -1.86983e-04
9.00000e-09 -7.94061e-05
1.00000e-08 6.13086e-05
1.10000e-08 1.82535e-04
1.20000e-08 3.07628e-04
1.30000e-08 3.99460e-04
1.40000e-08 4.75709e-04
1.50000e-08 5.19389e-04
1.60000e-08 5.33404e-04
1.70000e-08 5.14110e-04
1.80000e-08 4.37769e-04
1.90000e-08 3.28250e-04
2.00000e-08 1.46991e-04
2.10000e-08 -4.44393e-05
2.20000e-08 -2.43778e-04
2.30000e-08 -2.93368e-04
2.40000e-08 -9.70465e-06
2.50000e-08 8.61608e-04
2.60000e-08 2.98642e-03
2.70000e-08 6.87580e-03
2.80000e-08 1.50192e-02
2.90000e-08 2.88755e-02
3.00000e-08 5.39201e-02
3.10000e-08 8.39924e-02
3.20000e-08 1.15138e-01
3.30000e-08 1.37607e-01
3.40000e-08 1.51235e-01
3.50000e-08 1.55074e-01
3.60000e-08 1.50845e-01
3.70000e-08 1.41139e-01
3.80000e-08 1.26136e-01
3.90000e-08 1.11565e-01
4.00000e-08 9.61343e-02
4.10000e-08 8.28461e-02
4.20000e-08 6.92382e-02
4.30000e-08 5.77402e-02
4.40000e-08 4.60691e-02
4.50000e-08 3.65221e-02
4.60000e-08 2.72503e-02
4.70000e-08 1.98828e-02
4.80000e-08 1.26238e-02
4.90000e-08 6.33294e-03
5.00000e-08 -1.41105e-04
5.10000e-08 -5.57754e-03
5.20000e-08 -1.11446e-02
5.30000e-08 -1.61636e-02
5.40000e-08 -2.10521e-02
5.50000e-08 -2.47227e-02
5.60000e-08 -2.77633e-02
5.70000e-08 -2.98921e-02
5.80000e-08 -3.14992e-02
5.90000e-08 -3.24643e-02
6.00000e-08 -3.27902e-02
6.10000e-08 -3.26938e-02
6.20000e-08 -3.21079e-02
6.30000e-08 -3.14861e-02
6.40000e-08 -3.06119e-02
6.50000e-08 -2.98666e-02
6.60000e-08 -2.89808e-02
6.70000e-08 -2.81628e-02
6.80000e-08 -2.71527e-02
6.90000e-08 -2.61199e-02
7.00000e-08 -2.48763e-02
7.10000e-08 -2.36281e-02
7.20000e-08 -2.21413e-02
7.30000e-08 -2.07300e-02
7.40000e-08 -1.91204e-02
7.50000e-08 -1.76476e-02
7.60000e-08 -1.60521e-02
7.70000e-08 -1.46390e-02
7.80000e-08 -1.31841e-02
7.90000e-08 -1.19392e-02
8.00000e-08 -1.06716e-02
8.10000e-08 -9.58528e-03
8.20000e-08 -8.48159e-03
8.30000e-08 -7.52262e-03
8.40000e-08 -6.48991e-03
8.50000e-08 -5.55728e-03
8.60000e-08 -4.25805e-03
8.70000e-08 -3.99910e-04
8.80000e-08 0.00000e+00
8.90000e-08 0.00000e+00
9.00000e-08 0.00000e+00
9.10000e-08 0.00000e+00
9.20000e-08 0.00000e+00
9.30000e-08 0.00000e+00
9.40000e-08 0.00000e+00
9.50000e-08 0.00000e+00
