superpixel	correction
0	0.83294296
1	0.78488255
2	0.77605104
3	0.6951484
4	0.79435605
5	0.73287654
6	0.9639613
7	0.89431113
8	0.7085627
9	0.6914097
10	0.7059754
11	0.7026737
12	0.6672475
13	0.718521
14	0.88862675
15	0.7190947
16	0.75593215
17	0.71762556
18	0.78938353
19	0.77222604
20	0.801996
21	0.8114068
22	0.8568156
23	0.7574343
24	5.670916
25	1.3906262
26	0.95303327
27	1.0174664
28	0.9439123
29	0.9172129
30	0.79312724
31	0.88779175
32	1.0735798
33	1.2352191
34	1.0586121
35	1.1256369
36	1.048634
37	1.0046568
38	1.0383302
39	0.9175287
40	1.041107
41	1.0368031
42	1.1244073
43	0.9660875
44	0.85473245
45	0.91089463
46	0.80924374
47	0.94491637
48	1.1156623
49	1.1075945
50	1.2072117
51	1.1559764
52	1.4721625
53	1.3910924
54	1.447976
55	1.5007375
56	1.1869452
57	1.121516
58	1.1462487
59	1.2346773
60	1.3725307
61	1.3602992
62	1.4702479
63	1.3265195
64	0.6465189
65	0.6713744
66	0.6669269
67	0.7248861
68	0.67794645
69	0.71589345
70	0.7018674
71	0.67686903
72	0.69829
73	0.70126575
74	0.66516125
75	0.70989
76	0.7096447
77	0.63399225
78	0.7091446
79	0.7153743
80	0.6046032
81	0.62937576
82	0.6535373
83	0.645421
84	0.6695506
85	0.6649667
86	0.66787523
87	0.6858081
88	0.61819285
89	0.5690003
90	0.6211752
91	0.5690429
92	0.60232586
93	0.59527624
94	0.59807646
95	0.64131784
96	0.6603077
97	0.5827149
98	0.7213048
99	0.63396645
100	0.70051396
101	0.7702799
102	0.72602373
103	0.7677673
104	0.62343323
105	0.5987127
106	0.60533786
107	0.6510869
108	0.7206745
109	0.693449
110	0.78570366
111	0.70948565
112	1.6983682
113	1.2958814
114	1.068124
115	0.9952199
116	0.8909952
117	0.91051954
118	0.82377684
119	0.92998534
120	0.9081694
121	0.8637566
122	1.1848246
123	0.8702086
124	0.85964286
125	0.92923164
126	0.8063113
127	0.8732404
128	1.0612835
129	0.9312138
130	0.9990811
131	1.0042986
132	1.0771625
133	1.0428578
134	1.3483286
135	1.2409315
136	1.2599298
137	1.1947954
138	1.3216803
139	1.3244071
140	1.5711565
141	1.479288
142	1.5517672
143	1.3349135
144	1.7134129
145	1.94738
146	1.595621
147	1.9429809
148	1.8388762
149	1.4010284
150	1.7141939
151	1.3533018
152	1.5194037
153	1.940826
154	1.6999967
155	1.6823255
156	1.4112009
157	1.651946
158	1.330734
159	1.3661953
160	0.83364
161	0.75687885
162	0.75565696
163	0.7738979
164	0.75623614
165	0.737231
166	0.70197386
167	0.73723775
168	0.7262148
169	0.7230995
170	0.75348693
171	0.6780892
172	0.6864385
173	0.66613555
174	0.65436924
175	0.63751394
176	0.6720222
177	0.5641325
178	0.633074
179	0.5976317
180	0.56296563
181	0.61022466
182	0.59307903
183	0.59796643
184	0.66888064
185	0.78765947
186	0.6941426
187	0.690507
188	0.68198866
189	0.68071544
190	0.63274944
191	0.6523944
192	0.7280263
193	0.72684306
194	0.70566213
195	0.66744775
196	0.58633435
197	0.6150238
198	0.6880837
199	0.58288616
200	0.6928318
201	0.61456454
202	0.65210587
203	0.64614004
204	0.6748163
205	0.6483695
206	0.63569045
207	0.6611114
208	0.96233875
209	0.8788116
210	0.88230395
211	0.73490775
212	0.7272961
213	0.74389094
214	0.7679402
215	0.66225123
216	0.99395657
217	1.0902272
218	1.0772921
219	1.071893
220	0.93072087
221	1.0857369
222	0.8018107
223	0.9714011
224	1.0702229
225	1.0830228
226	1.1382647
227	1.1320126
228	1.2812662
229	1.2389299
230	1.3724279
231	1.3425853
232	1.123717
233	1.0649027
234	1.0667089
235	1.1287748
236	1.3584077
237	1.2723601
238	1.366738
239	1.2316475
240	1.9933532
241	1.8142922
242	1.8108476
243	1.8223833
244	1.4907495
245	1.6069733
246	1.3653194
247	1.3472273
248	1.8934245
249	1.9500499
250	2.0129623
251	1.6582204
252	1.3315619
253	1.3791858
254	1.4096494
255	1.5162102
256	0.8873125
257	0.8534727
258	0.83395433
259	0.96882695
260	0.9638113
261	1.004361
262	1.2916229
263	0.8932691
264	0.89412826
265	0.8126256
266	0.8325226
267	0.93933725
268	0.7591143
269	0.80092347
270	0.81965184
271	0.87376374
272	0.79486585
273	0.9219083
274	0.7798384
275	0.800667
276	0.7083171
277	0.7620735
278	0.6898763
279	0.7190127
280	0.8454825
281	0.7110147
282	0.80740297
283	0.9173551
284	0.8604643
285	0.9595993
286	0.73168564
287	0.78633446
288	0.621629
289	0.6883474
290	0.7471248
291	0.9139515
292	0.92646843
293	0.85078484
294	0.8813168
295	0.87691796
296	0.6461607
297	0.7076112
298	0.6505828
299	0.5889725
300	0.80047125
301	0.6414262
302	0.8821571
303	0.788695
304	1.0961593
305	1.1369724
306	1.0620759
307	1.0333401
308	0.97483814
309	1.0588768
310	0.9523273
311	0.9183975
312	1.1821418
313	1.1393539
314	1.1504356
315	1.151894
316	0.9408455
317	1.2190433
318	1.0231489
319	1.0658135
320	1.0785797
321	1.1818223
322	1.248228
323	1.4130589
324	1.3920689
325	1.3211337
326	1.6052622
327	1.486093
328	1.1539546
329	1.0854442
330	1.0881878
331	1.1249292
332	1.2948099
333	1.2720021
334	1.3834805
335	1.2836853
336	1.9972305
337	1.9614054
338	1.7411628
339	1.5586836
340	1.5129902
341	1.5360097
342	1.4642898
343	1.4786412
344	1.8714515
345	2.299189
346	1.913315
347	1.9617593
348	1.5831573
349	1.7738196
350	1.5367194
351	1.7338723
352	1.0030596
353	1.0247612
354	1.1628357
355	1.1396409
356	1.5147549
357	1.2017117
358	1.7068951
359	1.1737683
360	0.9640953
361	0.93008417
362	0.88826007
363	1.0345805
364	0.9114638
365	0.98029655
366	0.97954506
367	0.9606233
368	0.72280467
369	0.7179239
370	0.8577615
371	0.8324573
372	0.92756146
373	0.87891513
374	0.83979356
375	0.8976598
376	0.9451226
377	0.90508986
378	0.82567275
379	0.9529969
380	1.0547037
381	1.1140906
382	1.0024201
383	1.0233722
384	1.1164762
385	1.0823443
386	1.1777179
387	1.1052586
388	1.2086798
389	1.1484727
390	1.226846
391	1.1737237
392	0.9383649
393	0.82598275
394	0.83783585
395	0.9932381
396	1.022525
397	0.9223518
398	1.0388768
399	0.96683455
400	1.4343796
401	1.2507142
402	1.2920376
403	1.176279
404	1.2298226
405	1.2270181
406	1.1365932
407	1.1993735
408	1.4250203
409	1.5216038
410	1.4151803
411	1.4614029
412	1.3359147
413	1.3435265
414	1.2961066
415	1.5514504
416	1.524208
417	1.5993491
418	1.5114845
419	1.5049796
420	1.5965768
421	1.5510199
422	1.7712747
423	1.7044306
424	1.5116774
425	1.2709578
426	1.5796592
427	1.3191116
428	1.5915014
429	1.3968372
430	1.8049282
431	1.6758676
432	2.1618114
433	2.0051801
434	1.9841263
435	1.928191
436	1.7491302
437	1.995468
438	1.6852697
439	1.8484104
440	2.2278612
441	3.8601928
442	2.5875566
443	2.411582
444	2.0311344
445	2.0866137
446	1.9308548
447	1.871277
448	0.9973159
449	0.96827203
450	1.0134982
451	0.9244661
452	1.1395506
453	10.636899
454	1.2378633
455	1.1384225
456	1.0203942
457	0.7123397
458	1.1281389
459	1.0429875
460	1.3207824
461	1.204625
462	1.3333305
463	1.1689651
464	1.257906
465	1.3398814
466	1.357867
467	1.7946193
468	1.8805094
469	1.4793152
470	1.5400823
471	1.4196775
472	1.2540299
473	1.2125543
474	1.2088723
475	1.1806161
476	1.2862449
477	1.2566255
478	1.3457274
479	1.3248124
480	1.6999533
481	1.5670214
482	1.6043082
483	1.5909292
484	1.5196159
485	1.6117864
486	1.5356053
487	1.5268099
488	1.7332901
489	2.6930764
490	1.8276962
491	1.935879
492	1.816331
493	1.730942
494	1.6058319
495	1.5694041
496	1.6326879
497	1.6060497
498	1.7457999
499	1.6837261
500	2.403977
501	2.0463445
502	3.5399196
503	2.368555
504	1.7864157
505	1.6018635
506	1.7594212
507	1.8054385
508	2.123917
509	1.7962694
510	2.2096379
511	1.8691223
