9.846248801510588677e-01
9.857709144130857304e-01
9.841396583171205803e-01
9.852851329404451741e-01
9.829423693198698908e-01
9.816932659486929946e-01
9.821773685052266334e-01
9.834270315151057984e-01
9.847469164946718312e-01
9.841562650757657016e-01
9.830119097298456454e-01
9.836020015100495062e-01
9.818157400099996046e-01
9.805677559162273571e-01
9.811567284190265692e-01
9.824052721515010855e-01
9.804793708075981717e-01
9.811737728953652260e-01
9.799263484402953583e-01
9.792325059912305729e-01
9.835131786837267853e-01
9.816744212500396749e-01
9.828176573185550824e-01
9.823693829765091090e-01
9.789332617126655922e-01
9.776875161737027531e-01
9.784862285690330008e-01
9.797325337466983308e-01
9.812693096688132055e-01
9.820697009802504818e-01
9.801271928777024467e-01
9.809270245504374541e-01
9.858400171053680605e-01
9.852488060477595511e-01
9.862895326458274159e-01
9.868813033421381942e-01
9.884106705668624926e-01
9.898369077219326684e-01
9.893488876944828148e-01
9.888981309556100774e-01
9.879075398153613907e-01
9.863787931898437833e-01
9.874206390653161858e-01
9.868651343011866084e-01
9.888084326939001745e-01
9.882155427201848585e-01
9.878707752049822322e-01
9.872784448699691850e-01
9.843847889476101676e-01
9.853196474260257354e-01
9.851868591839786360e-01
9.861222773010964726e-01
9.859364792805446198e-01
9.866336795618233513e-01
9.868724722030344232e-01
9.875702177733366449e-01
9.831605630361375248e-01
9.841996266929345927e-01
9.823596288690007450e-01
9.833981160952685041e-01
9.846051600170183660e-01
9.839090790131442832e-01
9.856453269763838509e-01
9.849486863338074993e-01
9.884733544798572913e-01
9.874304579542079185e-01
9.888471243643361941e-01
9.878040415647830752e-01
9.898383927899633283e-01
9.907778468416642559e-01
9.904037188109194867e-01
9.894644518501131136e-01
9.881248807972978776e-01
9.883930132046347961e-01
9.894364693689864376e-01
9.891681506877456620e-01
9.904281111594119835e-01
9.913679385759115448e-01
9.910992473468630548e-01
9.901596062042674617e-01
9.908069139511402890e-01
9.906438687014208488e-01
9.915838832088149646e-01
9.917471147324381509e-01
9.886083965648543304e-01
9.898148987959162204e-01
9.887710692667660561e-01
9.896520398201006374e-01
9.909747919557185813e-01
9.919153813409588016e-01
9.918576056837438149e-01
9.909172178115511764e-01
9.889381989077657975e-01
9.888809989453877236e-01
9.899824026187051818e-01
9.899250155654325534e-01
9.870297965329239975e-01
9.872977426663570588e-01
9.861506577541532259e-01
9.858828978946239108e-01
9.843639069225669225e-01
9.827407281123495819e-01
9.831135666273094209e-01
9.839908821337033373e-01
9.851892217811308861e-01
9.867091443913037496e-01
9.855624328438984394e-01
9.863357470546324501e-01
9.834336574962456723e-01
9.837010246786527246e-01
9.846841848823978394e-01
9.849517584680232973e-01
9.854947015313909597e-01
9.842432403247471928e-01
9.854380628416968824e-01
9.841867887259476699e-01
9.853286751175482916e-01
9.851665805555588351e-01
9.840775872757030474e-01
9.839156798046081454e-01
9.877851679514169092e-01
9.866375225835198881e-01
9.878421808229003176e-01
9.866943483641087420e-01
9.875129389356819276e-01
9.876754076794607151e-01
9.863656669325834292e-01
9.865279485854675512e-01
9.851892217811308861e-01
9.863357470546324501e-01
9.855624328438984394e-01
9.867091443913037496e-01
9.843639069225669225e-01
9.831135666273094209e-01
9.827407281123495819e-01
9.839908821337033373e-01
9.870297965329239975e-01
9.872977426663570588e-01
9.861506577541532259e-01
9.858828978946239108e-01
9.849517584680232973e-01
9.837010246786527246e-01
9.834336574962456723e-01
9.846841848823978394e-01
9.853286751175482916e-01
9.851665805555588351e-01
9.839156798046081454e-01
9.840775872757030474e-01
9.875129389356819276e-01
9.865279485854675512e-01
9.876754076794607151e-01
9.863656669325834292e-01
9.854947015313909597e-01
9.842432403247471928e-01
9.841867887259476699e-01
9.854380628416968824e-01
9.878421808229003176e-01
9.877851679514169092e-01
9.866943483641087420e-01
9.866375225835198881e-01
9.881248807972978776e-01
9.883930132046347961e-01
9.894364693689864376e-01
9.891681506877456620e-01
9.898383927899633283e-01
9.904037188109194867e-01
9.907778468416642559e-01
9.894644518501131136e-01
9.884733544798572913e-01
9.878040415647830752e-01
9.888471243643361941e-01
9.874304579542079185e-01
9.910992473468630548e-01
9.913679385759115448e-01
9.901596062042674617e-01
9.904281111594119835e-01
9.909747919557185813e-01
9.919153813409588016e-01
9.909172178115511764e-01
9.918576056837438149e-01
9.908069139511402890e-01
9.906438687014208488e-01
9.917471147324381509e-01
9.915838832088149646e-01
9.888809989453877236e-01
9.899250155654325534e-01
9.889381989077657975e-01
9.899824026187051818e-01
9.886083965648543304e-01
9.887710692667660561e-01
9.896520398201006374e-01
9.898148987959162204e-01
9.879075398153613907e-01
9.868651343011866084e-01
9.874206390653161858e-01
9.863787931898437833e-01
9.884106705668624926e-01
9.893488876944828148e-01
9.898369077219326684e-01
9.888981309556100774e-01
9.858400171053680605e-01
9.852488060477595511e-01
9.862895326458274159e-01
9.868813033421381942e-01
9.872784448699691850e-01
9.882155427201848585e-01
9.888084326939001745e-01
9.878707752049822322e-01
9.859364792805446198e-01
9.866336795618233513e-01
9.875702177733366449e-01
9.868724722030344232e-01
9.846051600170183660e-01
9.849486863338074993e-01
9.839090790131442832e-01
9.856453269763838509e-01
9.843847889476101676e-01
9.853196474260257354e-01
9.861222773010964726e-01
9.851868591839786360e-01
9.823596288690007450e-01
9.831605630361375248e-01
9.833981160952685041e-01
9.841996266929345927e-01
9.847469164946718312e-01
9.841562650757657016e-01
9.830119097298456454e-01
9.836020015100495062e-01
9.829423693198698908e-01
9.821773685052266334e-01
9.816932659486929946e-01
9.834270315151057984e-01
9.846248801510588677e-01
9.852851329404451741e-01
9.841396583171205803e-01
9.857709144130857304e-01
9.811567284190265692e-01
9.805677559162273571e-01
9.824052721515010855e-01
9.818157400099996046e-01
9.789332617126655922e-01
9.776875161737027531e-01
9.797325337466983308e-01
9.784862285690330008e-01
9.804793708075981717e-01
9.811737728953652260e-01
9.792325059912305729e-01
9.799263484402953583e-01
9.820697009802504818e-01
9.809270245504374541e-01
9.812693096688132055e-01
9.801271928777024467e-01
9.835131786837267853e-01
9.828176573185550824e-01
9.823693829765091090e-01
9.816744212500396749e-01
9.813965821203004536e-01
9.807942649416114822e-01
9.826295617918150427e-01
9.820266817094749356e-01
9.831800211634833531e-01
9.836780672209448628e-01
9.824439617333038388e-01
9.819464785883176283e-01
9.832072568149068381e-01
9.843359803785094453e-01
9.849399961475494569e-01
9.838106998008979698e-01
9.854915813265200386e-01
9.859907532089322579e-01
9.848603310461543359e-01
9.843617220762175268e-01
9.875957748398306313e-01
9.865695989143911104e-01
9.870693262863411421e-01
9.880960651154317986e-01
9.854128721502540822e-01
9.870430638535577783e-01
9.864379222595670571e-01
9.860174508317693931e-01
9.894926017034150201e-01
9.899940177863184587e-01
9.890709622820909042e-01
9.885701091028386012e-01
9.883324974908984650e-01
9.874111307064485921e-01
9.889387558169026038e-01
9.880168261288014842e-01
9.825513824259132223e-01
9.836795529564381635e-01
9.829707048236951961e-01
9.818430971968213905e-01
9.799034925443698141e-01
9.778607628402179452e-01
9.790909279758284178e-01
9.786727768233176583e-01
9.794323569557790155e-01
9.813713702329567301e-01
9.806636479075159230e-01
9.801395163775685759e-01
9.802692514490073394e-01
9.813957332597547101e-01
9.810823789211998713e-01
9.822094236355983776e-01
9.861991858688770041e-01
9.853832306766798776e-01
9.852795078042047017e-01
9.844641287174075162e-01
9.843079880771007373e-01
9.832846266875653329e-01
9.834931718939547984e-01
9.824703734080705297e-01
9.867530145734239033e-01
9.860424661803299795e-01
9.876738184542226406e-01
9.869627071486535286e-01
9.847558818245316647e-01
9.857803690301935040e-01
9.840464707881374506e-01
9.850703835495749905e-01
9.926514361122966701e-01
9.933655090770791007e-01
9.921583393743960144e-01
9.928720629923394325e-01
9.913921950457809107e-01
9.905736167636258749e-01
9.910660363683233554e-01
9.918849532197336893e-01
9.923261965752795399e-01
9.917278990430079544e-01
9.910148525529602903e-01
9.916128115212839989e-01
9.902493729417446433e-01
9.894314842085962791e-01
9.900287660437168125e-01
9.908470057566166611e-01
9.888968387979731878e-01
9.895993214274646510e-01
9.887817712582641638e-01
9.880796271927205776e-01
9.910771703955250089e-01
9.896616296925541123e-01
9.903740106328304815e-01
9.903644624694251108e-01
9.873345801933556265e-01
9.865180325049619503e-01
9.873250520119654094e-01
9.881419250532702536e-01
9.888103977618067919e-01
9.896184197549243722e-01
9.880986939600409080e-01
9.889063773839033011e-01
9.929871708691225818e-01
9.923885347675958091e-01
9.929967390145428840e-01
9.935957136800174228e-01
9.946987262067509272e-01
9.956975549067474951e-01
9.952027653384929451e-01
9.951931772110576002e-01
9.946363696653319764e-01
9.935333758554377726e-01
9.941422572302804905e-01
9.940271497265413814e-01
9.946555446550269242e-01
9.940558928563492103e-01
9.941518357802405781e-01
9.935525225508181624e-01
9.906309584810132352e-01
9.911329670508253198e-01
9.914399961712817566e-01
9.919423433050417183e-01
9.921966027463388071e-01
9.929007782061842757e-01
9.926992884440466458e-01
9.934038099424600254e-01
9.902780298424567196e-01
9.908852192193173813e-01
9.894696692853912623e-01
9.900765200983041581e-01
9.917374576109531104e-01
9.910339592843107059e-01
9.923453332338567634e-01
9.916414963379591718e-01
9.952085192046195017e-01
9.945990026114960303e-01
9.955846926729782220e-01
9.949750634991244569e-01
9.961419011361601905e-01
9.966466963909353938e-01
9.962702977593513864e-01
9.957656234093285041e-01
9.952983873256562308e-01
9.955689978669716167e-01
9.961788530240429651e-01
9.959081390495543307e-01
9.967362957980072657e-01
9.972413087119779140e-01
9.969703604267069474e-01
9.964654600934665929e-01
9.971197682743062618e-01
9.969543914182656952e-01
9.974595177347237440e-01
9.976250071714946044e-01
9.957868666804775559e-01
9.965620995135818783e-01
9.959520183732929466e-01
9.963968443911358497e-01
9.972923329187939334e-01
9.977977977991998593e-01
9.977377708830271752e-01
9.972324110722365909e-01
9.961241310478028410e-01
9.960644443408699367e-01
9.967344381713093560e-01
9.966746380618891621e-01
9.946362240386433795e-01
9.949067112063794127e-01
9.941920138062074752e-01
9.939216284281173763e-01
9.928316268478782902e-01
9.916367026266453832e-01
9.920123131878232359e-01
9.924559161370389848e-01
9.932226956839349530e-01
9.943130028252925579e-01
9.935985314083380926e-01
9.939370653077007622e-01
9.923351966572185878e-01
9.926053436157148413e-01
9.931546228980038249e-01
9.934248956953637411e-01
9.939786729698041334e-01
9.931586821818534361e-01
9.939193140304275476e-01
9.930994358232070329e-01
9.938072382484895995e-01
9.936424242996297895e-01
9.929874601820805058e-01
9.928227720756269692e-01
9.954018191110226565e-01
9.946867831469027310e-01
9.954614032136245294e-01
9.947462430470831452e-01
9.951244774102471213e-01
9.952895165223322183e-01
9.944096674293448901e-01
9.945745823425510279e-01
9.932226956839349530e-01
9.939370653077007622e-01
9.935985314083380926e-01
9.943130028252925579e-01
9.928316268478782902e-01
9.920123131878232359e-01
9.916367026266453832e-01
9.924559161370389848e-01
9.946362240386433795e-01
9.949067112063794127e-01
9.941920138062074752e-01
9.939216284281173763e-01
9.934248956953637411e-01
9.926053436157148413e-01
9.923351966572185878e-01
9.931546228980038249e-01
9.938072382484895995e-01
9.936424242996297895e-01
9.928227720756269692e-01
9.929874601820805058e-01
9.951244774102471213e-01
9.945745823425510279e-01
9.952895165223322183e-01
9.944096674293448901e-01
9.939786729698041334e-01
9.931586821818534361e-01
9.930994358232070329e-01
9.939193140304275476e-01
9.954614032136245294e-01
9.954018191110226565e-01
9.947462430470831452e-01
9.946867831469027310e-01
9.952983873256562308e-01
9.955689978669716167e-01
9.961788530240429651e-01
9.959081390495543307e-01
9.961419011361601905e-01
9.962702977593513864e-01
9.966466963909353938e-01
9.957656234093285041e-01
9.952085192046195017e-01
9.949750634991244569e-01
9.955846926729782220e-01
9.945990026114960303e-01
9.969703604267069474e-01
9.972413087119779140e-01
9.964654600934665929e-01
9.967362957980072657e-01
9.972923329187939334e-01
9.977977977991998593e-01
9.972324110722365909e-01
9.977377708830271752e-01
9.971197682743062618e-01
9.969543914182656952e-01
9.976250071714946044e-01
9.974595177347237440e-01
9.960644443408699367e-01
9.966746380618891621e-01
9.961241310478028410e-01
9.967344381713093560e-01
9.957868666804775559e-01
9.959520183732929466e-01
9.963968443911358497e-01
9.965620995135818783e-01
9.946363696653319764e-01
9.940271497265413814e-01
9.941422572302804905e-01
9.935333758554377726e-01
9.946987262067509272e-01
9.952027653384929451e-01
9.956975549067474951e-01
9.951931772110576002e-01
9.929871708691225818e-01
9.923885347675958091e-01
9.929967390145428840e-01
9.935957136800174228e-01
9.935525225508181624e-01
9.940558928563492103e-01
9.946555446550269242e-01
9.941518357802405781e-01
9.921966027463388071e-01
9.929007782061842757e-01
9.934038099424600254e-01
9.926992884440466458e-01
9.917374576109531104e-01
9.916414963379591718e-01
9.910339592843107059e-01
9.923453332338567634e-01
9.906309584810132352e-01
9.911329670508253198e-01
9.919423433050417183e-01
9.914399961712817566e-01
9.894696692853912623e-01
9.902780298424567196e-01
9.900765200983041581e-01
9.908852192193173813e-01
9.923261965752795399e-01
9.917278990430079544e-01
9.910148525529602903e-01
9.916128115212839989e-01
9.913921950457809107e-01
9.910660363683233554e-01
9.905736167636258749e-01
9.918849532197336893e-01
9.926514361122966701e-01
9.928720629923394325e-01
9.921583393743960144e-01
9.933655090770791007e-01
9.900287660437168125e-01
9.894314842085962791e-01
9.908470057566166611e-01
9.902493729417446433e-01
9.873345801933556265e-01
9.865180325049619503e-01
9.881419250532702536e-01
9.873250520119654094e-01
9.888968387979731878e-01
9.895993214274646510e-01
9.880796271927205776e-01
9.887817712582641638e-01
9.896184197549243722e-01
9.889063773839033011e-01
9.888103977618067919e-01
9.880986939600409080e-01
9.910771703955250089e-01
9.903740106328304815e-01
9.903644624694251108e-01
9.896616296925541123e-01
9.794323569557790155e-01
9.801395163775685759e-01
9.806636479075159230e-01
9.813713702329567301e-01
9.799034925443698141e-01
9.790909279758284178e-01
9.778607628402179452e-01
9.786727768233176583e-01
9.825513824259132223e-01
9.836795529564381635e-01
9.829707048236951961e-01
9.818430971968213905e-01
9.822094236355983776e-01
9.813957332597547101e-01
9.802692514490073394e-01
9.810823789211998713e-01
9.843079880771007373e-01
9.832846266875653329e-01
9.824703734080705297e-01
9.834931718939547984e-01
9.847558818245316647e-01
9.850703835495749905e-01
9.857803690301935040e-01
9.840464707881374506e-01
9.861991858688770041e-01
9.853832306766798776e-01
9.844641287174075162e-01
9.852795078042047017e-01
9.876738184542226406e-01
9.867530145734239033e-01
9.869627071486535286e-01
9.860424661803299795e-01
9.832072568149068381e-01
9.843359803785094453e-01
9.849399961475494569e-01
9.838106998008979698e-01
9.831800211634833531e-01
9.824439617333038388e-01
9.836780672209448628e-01
9.819464785883176283e-01
9.813965821203004536e-01
9.820266817094749356e-01
9.826295617918150427e-01
9.807942649416114822e-01
9.848603310461543359e-01
9.859907532089322579e-01
9.843617220762175268e-01
9.854915813265200386e-01
9.894926017034150201e-01
9.899940177863184587e-01
9.885701091028386012e-01
9.890709622820909042e-01
9.875957748398306313e-01
9.865695989143911104e-01
9.880960651154317986e-01
9.870693262863411421e-01
9.874111307064485921e-01
9.880168261288014842e-01
9.883324974908984650e-01
9.889387558169026038e-01
9.854128721502540822e-01
9.864379222595670571e-01
9.860174508317693931e-01
9.870430638535577783e-01
9.843764329863768925e-01
9.842100657104526640e-01
9.856151005566574641e-01
9.854485445496479201e-01
9.857289297136672124e-01
9.857900320206769429e-01
9.845509864481789553e-01
9.844900734123011032e-01
9.866351901138262770e-01
9.877699963691508600e-01
9.879369290141779558e-01
9.868019340277679463e-01
9.880511348092052559e-01
9.881126137542326493e-01
9.869772407597181552e-01
9.869159497216228871e-01
9.901659947428891329e-01
9.891344822332903686e-01
9.891961499094030774e-01
9.902278497711632932e-01
9.888529693553456124e-01
9.900514123098442809e-01
9.898841030267996333e-01
9.890200877071777530e-01
9.920735081299077995e-01
9.921357411751234867e-01
9.912077138972339441e-01
9.911456695831035724e-01
9.917908645225942399e-01
9.908634004048433308e-01
9.919585504436564394e-01
9.910308984189734050e-01
9.864157193498845899e-01
9.875503368741238575e-01
9.872779551987338476e-01
9.861435217359431071e-01
9.846325209165229797e-01
9.830173344158634752e-01
9.842550583336671099e-01
9.833946027826808711e-01
9.837191506086047088e-01
9.852292655322351100e-01
9.849572566493789427e-01
9.839909715845286398e-01
9.854409459580605324e-01
9.865750036069869111e-01
9.858185972720017176e-01
9.869528428278603327e-01
9.909714456594082010e-01
9.905928586680637915e-01
9.900445507650809107e-01
9.896661461751046218e-01
9.890658195773434080e-01
9.880352465994683975e-01
9.886876037184524346e-01
9.876572186475096604e-01
9.906431793950341014e-01
9.903702285050575149e-01
9.915704517515320227e-01
9.912973121304700097e-01
9.886331219533864845e-01
9.896640668937550789e-01
9.883605477014273388e-01
9.893913039107106178e-01
9.970221442392499522e-01
9.972962706197170402e-01
9.965249108315138438e-01
9.967989281757458908e-01
9.961981666372818900e-01
9.958186955930500295e-01
9.963157031828062671e-01
9.966952871360280630e-01
9.962491526886718685e-01
9.956469518986972300e-01
9.953731611965982440e-01
9.959752529467952309e-01
9.950466436444994622e-01
9.946673992424007738e-01
9.952692651746177788e-01
9.956486224857065137e-01
9.936854039632525559e-01
9.943922411469204858e-01
9.940131104779650340e-01
9.933063862032869284e-01
9.949923180691622182e-01
9.940116948732182767e-01
9.942852589331840907e-01
9.947186402760531676e-01
9.921144475935411711e-01
9.917356564757087156e-01
9.925472390928476996e-01
9.929261376092365365e-01
9.927138454188441097e-01
9.935257667611882004e-01
9.924405118613738308e-01
9.932523156102122108e-01
9.964703302739140733e-01
9.958680157507963093e-01
9.960363505337543888e-01
9.966387810091563715e-01
9.973046177099124110e-01
9.978655264292191074e-01
9.973677284782981323e-01
9.978023027518434507e-01
9.976863522244677762e-01
9.970202186699780311e-01
9.971887823142103757e-01
9.975176748470923060e-01
9.968175019296414696e-01
9.962148456362596161e-01
9.967545048943988739e-01
9.961519615100069558e-01
9.932174990448027208e-01
9.932799298867891480e-01
9.940297577244361360e-01
9.940923022995656888e-01
9.947895886216370220e-01
9.954969903484899296e-01
9.948522461057566213e-01
9.955597601725295620e-01
9.937464910621641723e-01
9.939144885131403484e-01
9.929344568108302571e-01
9.931023413528163868e-01
9.952132690122713621e-01
9.945060931033983254e-01
9.953814931053805992e-01
9.946742042875176271e-01
9.982425532726866280e-01
9.980737786452322791e-01
9.986223488198028297e-01
9.984535362813007353e-01
9.987384345083051285e-01
9.988017933468074094e-01
9.984219213999208087e-01
9.983586010501411812e-01
9.987805717419142582e-01
9.990548747993129863e-01
9.992237631599105718e-01
9.989494221914640981e-01
9.993399246705082506e-01
9.994033593311060226e-01
9.991289425405640579e-01
9.990655457910140314e-01
9.997305040270526577e-01
9.995615766727442564e-01
9.996250492443897739e-01
9.997940145097459208e-01
9.992764540319455380e-01
9.996142689232909717e-01
9.994453055647511963e-01
9.994453772510988321e-01
9.999101734028903454e-01
9.999737583017157538e-01
9.999102498443599440e-01
9.998467028559897551e-01
9.996248218916198303e-01
9.995614271668146200e-01
9.997938610722549857e-01
9.997304284364021409e-01
9.985589944423645115e-01
9.988332634647681951e-01
9.985589222283240973e-01
9.982846949924282232e-01
9.976307430889690409e-01
9.968714179821505095e-01
9.972510239746206206e-01
9.972510991854511841e-01
9.975780488403238611e-01
9.982319968927987341e-01
9.979577353533175543e-01
9.978522771677779124e-01
9.975779077916357984e-01
9.978520592054362925e-01
9.979576648170319642e-01
9.982318541418802038e-01
9.988013487764313414e-01
9.984214030199498602e-01
9.987380622580528389e-01
9.983581599387429950e-01
9.986220543891325407e-01
9.984533165894701190e-01
9.982421899802778054e-01
9.980734837419784622e-01
9.993396990472271924e-01
9.990652440776399690e-01
9.994030558609846571e-01
9.991285629803496882e-01
9.990548017344536014e-01
9.992236153562115142e-01
9.987804225869617580e-01
9.989491982976720363e-01
9.975780488403238611e-01
9.978522771677779124e-01
9.979577353533175543e-01
9.982319968927987341e-01
9.976307430889690409e-01
9.972510239746206206e-01
9.968714179821505095e-01
9.972510991854511841e-01
9.985589944423645115e-01
9.988332634647681951e-01
9.985589222283240973e-01
9.982846949924282232e-01
9.982318541418802038e-01
9.978520592054362925e-01
9.975779077916357984e-01
9.979576648170319642e-01
9.986220543891325407e-01
9.984533165894701190e-01
9.980734837419784622e-01
9.982421899802778054e-01
9.990548017344536014e-01
9.989491982976720363e-01
9.992236153562115142e-01
9.987804225869617580e-01
9.988013487764313414e-01
9.984214030199498602e-01
9.983581599387429950e-01
9.987380622580528389e-01
9.994030558609846571e-01
9.993396990472271924e-01
9.991285629803496882e-01
9.990652440776399690e-01
9.987805717419142582e-01
9.990548747993129863e-01
9.992237631599105718e-01
9.989494221914640981e-01
9.987384345083051285e-01
9.984219213999208087e-01
9.988017933468074094e-01
9.983586010501411812e-01
9.982425532726866280e-01
9.984535362813007353e-01
9.986223488198028297e-01
9.980737786452322791e-01
9.991289425405640579e-01
9.994033593311060226e-01
9.990655457910140314e-01
9.993399246705082506e-01
9.999101734028903454e-01
9.999737583017157538e-01
9.998467028559897551e-01
9.999102498443599440e-01
9.997305040270526577e-01
9.995615766727442564e-01
9.997940145097459208e-01
9.996250492443897739e-01
9.995614271668146200e-01
9.997304284364021409e-01
9.996248218916198303e-01
9.997938610722549857e-01
9.992764540319455380e-01
9.994453055647511963e-01
9.994453772510988321e-01
9.996142689232909717e-01
9.976863522244677762e-01
9.975176748470923060e-01
9.971887823142103757e-01
9.970202186699780311e-01
9.973046177099124110e-01
9.973677284782981323e-01
9.978655264292191074e-01
9.978023027518434507e-01
9.964703302739140733e-01
9.958680157507963093e-01
9.960363505337543888e-01
9.966387810091563715e-01
9.961519615100069558e-01
9.962148456362596161e-01
9.968175019296414696e-01
9.967545048943988739e-01
9.947895886216370220e-01
9.954969903484899296e-01
9.955597601725295620e-01
9.948522461057566213e-01
9.952132690122713621e-01
9.946742042875176271e-01
9.945060931033983254e-01
9.953814931053805992e-01
9.932174990448027208e-01
9.932799298867891480e-01
9.940923022995656888e-01
9.940297577244361360e-01
9.929344568108302571e-01
9.937464910621641723e-01
9.931023413528163868e-01
9.939144885131403484e-01
9.962491526886718685e-01
9.956469518986972300e-01
9.953731611965982440e-01
9.959752529467952309e-01
9.961981666372818900e-01
9.963157031828062671e-01
9.958186955930500295e-01
9.966952871360280630e-01
9.970221442392499522e-01
9.967989281757458908e-01
9.965249108315138438e-01
9.972962706197170402e-01
9.952692651746177788e-01
9.946673992424007738e-01
9.956486224857065137e-01
9.950466436444994622e-01
9.921144475935411711e-01
9.917356564757087156e-01
9.929261376092365365e-01
9.925472390928476996e-01
9.936854039632525559e-01
9.943922411469204858e-01
9.933063862032869284e-01
9.940131104779650340e-01
9.935257667611882004e-01
9.932523156102122108e-01
9.927138454188441097e-01
9.924405118613738308e-01
9.949923180691622182e-01
9.942852589331840907e-01
9.947186402760531676e-01
9.940116948732182767e-01
9.837191506086047088e-01
9.839909715845286398e-01
9.849572566493789427e-01
9.852292655322351100e-01
9.846325209165229797e-01
9.842550583336671099e-01
9.830173344158634752e-01
9.833946027826808711e-01
9.864157193498845899e-01
9.875503368741238575e-01
9.872779551987338476e-01
9.861435217359431071e-01
9.869528428278603327e-01
9.865750036069869111e-01
9.854409459580605324e-01
9.858185972720017176e-01
9.890658195773434080e-01
9.880352465994683975e-01
9.876572186475096604e-01
9.886876037184524346e-01
9.886331219533864845e-01
9.893913039107106178e-01
9.896640668937550789e-01
9.883605477014273388e-01
9.909714456594082010e-01
9.905928586680637915e-01
9.896661461751046218e-01
9.900445507650809107e-01
9.915704517515320227e-01
9.906431793950341014e-01
9.912973121304700097e-01
9.903702285050575149e-01
9.866351901138262770e-01
9.877699963691508600e-01
9.879369290141779558e-01
9.868019340277679463e-01
9.857289297136672124e-01
9.845509864481789553e-01
9.857900320206769429e-01
9.844900734123011032e-01
9.843764329863768925e-01
9.854485445496479201e-01
9.856151005566574641e-01
9.842100657104526640e-01
9.869772407597181552e-01
9.881126137542326493e-01
9.869159497216228871e-01
9.880511348092052559e-01
9.920735081299077995e-01
9.921357411751234867e-01
9.911456695831035724e-01
9.912077138972339441e-01
9.901659947428891329e-01
9.891344822332903686e-01
9.902278497711632932e-01
9.891961499094030774e-01
9.908634004048433308e-01
9.910308984189734050e-01
9.917908645225942399e-01
9.919585504436564394e-01
9.888529693553456124e-01
9.898841030267996333e-01
9.890200877071777530e-01
9.900514123098442809e-01
9.837191506086047088e-01
9.839909715845286398e-01
9.849572566493789427e-01
9.852292655322351100e-01
9.846325209165229797e-01
9.842550583336671099e-01
9.830173344158634752e-01
9.833946027826808711e-01
9.864157193498845899e-01
9.875503368741238575e-01
9.872779551987338476e-01
9.861435217359431071e-01
9.869528428278603327e-01
9.865750036069869111e-01
9.854409459580605324e-01
9.858185972720017176e-01
9.890658195773434080e-01
9.880352465994683975e-01
9.876572186475096604e-01
9.886876037184524346e-01
9.886331219533864845e-01
9.893913039107106178e-01
9.896640668937550789e-01
9.883605477014273388e-01
9.909714456594082010e-01
9.905928586680637915e-01
9.896661461751046218e-01
9.900445507650809107e-01
9.915704517515320227e-01
9.906431793950341014e-01
9.912973121304700097e-01
9.903702285050575149e-01
9.866351901138262770e-01
9.877699963691508600e-01
9.879369290141779558e-01
9.868019340277679463e-01
9.857289297136672124e-01
9.845509864481789553e-01
9.857900320206769429e-01
9.844900734123011032e-01
9.843764329863768925e-01
9.854485445496479201e-01
9.856151005566574641e-01
9.842100657104526640e-01
9.869772407597181552e-01
9.881126137542326493e-01
9.869159497216228871e-01
9.880511348092052559e-01
9.920735081299077995e-01
9.921357411751234867e-01
9.911456695831035724e-01
9.912077138972339441e-01
9.901659947428891329e-01
9.891344822332903686e-01
9.902278497711632932e-01
9.891961499094030774e-01
9.908634004048433308e-01
9.910308984189734050e-01
9.917908645225942399e-01
9.919585504436564394e-01
9.888529693553456124e-01
9.898841030267996333e-01
9.890200877071777530e-01
9.900514123098442809e-01
9.976863522244677762e-01
9.975176748470923060e-01
9.971887823142103757e-01
9.970202186699780311e-01
9.973046177099124110e-01
9.973677284782981323e-01
9.978655264292191074e-01
9.978023027518434507e-01
9.964703302739140733e-01
9.958680157507963093e-01
9.960363505337543888e-01
9.966387810091563715e-01
9.961519615100069558e-01
9.962148456362596161e-01
9.968175019296414696e-01
9.967545048943988739e-01
9.947895886216370220e-01
9.954969903484899296e-01
9.955597601725295620e-01
9.948522461057566213e-01
9.952132690122713621e-01
9.946742042875176271e-01
9.945060931033983254e-01
9.953814931053805992e-01
9.932174990448027208e-01
9.932799298867891480e-01
9.940923022995656888e-01
9.940297577244361360e-01
9.929344568108302571e-01
9.937464910621641723e-01
9.931023413528163868e-01
9.939144885131403484e-01
9.962491526886718685e-01
9.956469518986972300e-01
9.953731611965982440e-01
9.959752529467952309e-01
9.961981666372818900e-01
9.963157031828062671e-01
9.958186955930500295e-01
9.966952871360280630e-01
9.970221442392499522e-01
9.967989281757458908e-01
9.965249108315138438e-01
9.972962706197170402e-01
9.952692651746177788e-01
9.946673992424007738e-01
9.956486224857065137e-01
9.950466436444994622e-01
9.921144475935411711e-01
9.917356564757087156e-01
9.929261376092365365e-01
9.925472390928476996e-01
9.936854039632525559e-01
9.943922411469204858e-01
9.933063862032869284e-01
9.940131104779650340e-01
9.935257667611882004e-01
9.932523156102122108e-01
9.927138454188441097e-01
9.924405118613738308e-01
9.949923180691622182e-01
9.942852589331840907e-01
9.947186402760531676e-01
9.940116948732182767e-01
9.975780488403238611e-01
9.978522771677779124e-01
9.979577353533175543e-01
9.982319968927987341e-01
9.976307430889690409e-01
9.972510239746206206e-01
9.968714179821505095e-01
9.972510991854511841e-01
9.985589944423645115e-01
9.988332634647681951e-01
9.985589222283240973e-01
9.982846949924282232e-01
9.982318541418802038e-01
9.978520592054362925e-01
9.975779077916357984e-01
9.979576648170319642e-01
9.986220543891325407e-01
9.984533165894701190e-01
9.980734837419784622e-01
9.982421899802778054e-01
9.990548017344536014e-01
9.989491982976720363e-01
9.992236153562115142e-01
9.987804225869617580e-01
9.988013487764313414e-01
9.984214030199498602e-01
9.983581599387429950e-01
9.987380622580528389e-01
9.994030558609846571e-01
9.993396990472271924e-01
9.991285629803496882e-01
9.990652440776399690e-01
9.987805717419142582e-01
9.990548747993129863e-01
9.992237631599105718e-01
9.989494221914640981e-01
9.987384345083051285e-01
9.984219213999208087e-01
9.988017933468074094e-01
9.983586010501411812e-01
9.982425532726866280e-01
9.984535362813007353e-01
9.986223488198028297e-01
9.980737786452322791e-01
9.991289425405640579e-01
9.994033593311060226e-01
9.990655457910140314e-01
9.993399246705082506e-01
9.999101734028903454e-01
9.999737583017157538e-01
9.998467028559897551e-01
9.999102498443599440e-01
9.997305040270526577e-01
9.995615766727442564e-01
9.997940145097459208e-01
9.996250492443897739e-01
9.995614271668146200e-01
9.997304284364021409e-01
9.996248218916198303e-01
9.997938610722549857e-01
9.992764540319455380e-01
9.994453055647511963e-01
9.994453772510988321e-01
9.996142689232909717e-01
9.982425532726866280e-01
9.980737786452322791e-01
9.986223488198028297e-01
9.984535362813007353e-01
9.987384345083051285e-01
9.988017933468074094e-01
9.984219213999208087e-01
9.983586010501411812e-01
9.987805717419142582e-01
9.990548747993129863e-01
9.992237631599105718e-01
9.989494221914640981e-01
9.993399246705082506e-01
9.994033593311060226e-01
9.991289425405640579e-01
9.990655457910140314e-01
9.997305040270526577e-01
9.995615766727442564e-01
9.996250492443897739e-01
9.997940145097459208e-01
9.992764540319455380e-01
9.996142689232909717e-01
9.994453055647511963e-01
9.994453772510988321e-01
9.999101734028903454e-01
9.999737583017157538e-01
9.999102498443599440e-01
9.998467028559897551e-01
9.996248218916198303e-01
9.995614271668146200e-01
9.997938610722549857e-01
9.997304284364021409e-01
9.985589944423645115e-01
9.988332634647681951e-01
9.985589222283240973e-01
9.982846949924282232e-01
9.976307430889690409e-01
9.968714179821505095e-01
9.972510239746206206e-01
9.972510991854511841e-01
9.975780488403238611e-01
9.982319968927987341e-01
9.979577353533175543e-01
9.978522771677779124e-01
9.975779077916357984e-01
9.978520592054362925e-01
9.979576648170319642e-01
9.982318541418802038e-01
9.988013487764313414e-01
9.984214030199498602e-01
9.987380622580528389e-01
9.983581599387429950e-01
9.986220543891325407e-01
9.984533165894701190e-01
9.982421899802778054e-01
9.980734837419784622e-01
9.993396990472271924e-01
9.990652440776399690e-01
9.994030558609846571e-01
9.991285629803496882e-01
9.990548017344536014e-01
9.992236153562115142e-01
9.987804225869617580e-01
9.989491982976720363e-01
9.970221442392499522e-01
9.972962706197170402e-01
9.965249108315138438e-01
9.967989281757458908e-01
9.961981666372818900e-01
9.958186955930500295e-01
9.963157031828062671e-01
9.966952871360280630e-01
9.962491526886718685e-01
9.956469518986972300e-01
9.953731611965982440e-01
9.959752529467952309e-01
9.950466436444994622e-01
9.946673992424007738e-01
9.952692651746177788e-01
9.956486224857065137e-01
9.936854039632525559e-01
9.943922411469204858e-01
9.940131104779650340e-01
9.933063862032869284e-01
9.949923180691622182e-01
9.940116948732182767e-01
9.942852589331840907e-01
9.947186402760531676e-01
9.921144475935411711e-01
9.917356564757087156e-01
9.925472390928476996e-01
9.929261376092365365e-01
9.927138454188441097e-01
9.935257667611882004e-01
9.924405118613738308e-01
9.932523156102122108e-01
9.964703302739140733e-01
9.958680157507963093e-01
9.960363505337543888e-01
9.966387810091563715e-01
9.973046177099124110e-01
9.978655264292191074e-01
9.973677284782981323e-01
9.978023027518434507e-01
9.976863522244677762e-01
9.970202186699780311e-01
9.971887823142103757e-01
9.975176748470923060e-01
9.968175019296414696e-01
9.962148456362596161e-01
9.967545048943988739e-01
9.961519615100069558e-01
9.932174990448027208e-01
9.932799298867891480e-01
9.940297577244361360e-01
9.940923022995656888e-01
9.947895886216370220e-01
9.954969903484899296e-01
9.948522461057566213e-01
9.955597601725295620e-01
9.937464910621641723e-01
9.939144885131403484e-01
9.929344568108302571e-01
9.931023413528163868e-01
9.952132690122713621e-01
9.945060931033983254e-01
9.953814931053805992e-01
9.946742042875176271e-01
9.843764329863768925e-01
9.842100657104526640e-01
9.856151005566574641e-01
9.854485445496479201e-01
9.857289297136672124e-01
9.857900320206769429e-01
9.845509864481789553e-01
9.844900734123011032e-01
9.866351901138262770e-01
9.877699963691508600e-01
9.879369290141779558e-01
9.868019340277679463e-01
9.880511348092052559e-01
9.881126137542326493e-01
9.869772407597181552e-01
9.869159497216228871e-01
9.901659947428891329e-01
9.891344822332903686e-01
9.891961499094030774e-01
9.902278497711632932e-01
9.888529693553456124e-01
9.900514123098442809e-01
9.898841030267996333e-01
9.890200877071777530e-01
9.920735081299077995e-01
9.921357411751234867e-01
9.912077138972339441e-01
9.911456695831035724e-01
9.917908645225942399e-01
9.908634004048433308e-01
9.919585504436564394e-01
9.910308984189734050e-01
9.864157193498845899e-01
9.875503368741238575e-01
9.872779551987338476e-01
9.861435217359431071e-01
9.846325209165229797e-01
9.830173344158634752e-01
9.842550583336671099e-01
9.833946027826808711e-01
9.837191506086047088e-01
9.852292655322351100e-01
9.849572566493789427e-01
9.839909715845286398e-01
9.854409459580605324e-01
9.865750036069869111e-01
9.858185972720017176e-01
9.869528428278603327e-01
9.909714456594082010e-01
9.905928586680637915e-01
9.900445507650809107e-01
9.896661461751046218e-01
9.890658195773434080e-01
9.880352465994683975e-01
9.886876037184524346e-01
9.876572186475096604e-01
9.906431793950341014e-01
9.903702285050575149e-01
9.915704517515320227e-01
9.912973121304700097e-01
9.886331219533864845e-01
9.896640668937550789e-01
9.883605477014273388e-01
9.893913039107106178e-01
9.794323569557790155e-01
9.801395163775685759e-01
9.806636479075159230e-01
9.813713702329567301e-01
9.799034925443698141e-01
9.790909279758284178e-01
9.778607628402179452e-01
9.786727768233176583e-01
9.825513824259132223e-01
9.836795529564381635e-01
9.829707048236951961e-01
9.818430971968213905e-01
9.822094236355983776e-01
9.813957332597547101e-01
9.802692514490073394e-01
9.810823789211998713e-01
9.843079880771007373e-01
9.832846266875653329e-01
9.824703734080705297e-01
9.834931718939547984e-01
9.847558818245316647e-01
9.850703835495749905e-01
9.857803690301935040e-01
9.840464707881374506e-01
9.861991858688770041e-01
9.853832306766798776e-01
9.844641287174075162e-01
9.852795078042047017e-01
9.876738184542226406e-01
9.867530145734239033e-01
9.869627071486535286e-01
9.860424661803299795e-01
9.832072568149068381e-01
9.843359803785094453e-01
9.849399961475494569e-01
9.838106998008979698e-01
9.831800211634833531e-01
9.824439617333038388e-01
9.836780672209448628e-01
9.819464785883176283e-01
9.813965821203004536e-01
9.820266817094749356e-01
9.826299060612883052e-01
9.807942649416114822e-01
9.848603310461543359e-01
9.859907532089322579e-01
9.843617220762175268e-01
9.854915813265200386e-01
9.894926017034150201e-01
9.899940177863184587e-01
9.885701091028386012e-01
9.890709622820909042e-01
9.875957748398306313e-01
9.865695989143911104e-01
9.880960651154317986e-01
9.870693262863411421e-01
9.874111307064485921e-01
9.880168261288014842e-01
9.883324974908984650e-01
9.889387558169026038e-01
9.854128721502540822e-01
9.864379222595670571e-01
9.860174508317693931e-01
9.870430638535577783e-01
9.946363696653319764e-01
9.940271497265413814e-01
9.941422572302804905e-01
9.935333758554377726e-01
9.946987262067509272e-01
9.952027653384929451e-01
9.956975549067474951e-01
9.951931772110576002e-01
9.929871708691225818e-01
9.923885347675958091e-01
9.929967390145428840e-01
9.935957136800174228e-01
9.935525225508181624e-01
9.940558928563492103e-01
9.946555446550269242e-01
9.941518357802405781e-01
9.921966027463388071e-01
9.929007782061842757e-01
9.934038099424600254e-01
9.926992884440466458e-01
9.917374576109531104e-01
9.916414963379591718e-01
9.910339592843107059e-01
9.923453332338567634e-01
9.906309584810132352e-01
9.911329670508253198e-01
9.919423433050417183e-01
9.914399961712817566e-01
9.894696692853912623e-01
9.902780298424567196e-01
9.900765200983041581e-01
9.908852192193173813e-01
9.923261965752795399e-01
9.917278990430079544e-01
9.910148525529602903e-01
9.916128115212839989e-01
9.913921950457809107e-01
9.910660363683233554e-01
9.905736167636258749e-01
9.918849532197336893e-01
9.926514361122966701e-01
9.928720629923394325e-01
9.921583393743960144e-01
9.933655090770791007e-01
9.900287660437168125e-01
9.894314842085962791e-01
9.908470057566166611e-01
9.902493729417446433e-01
9.873345801933556265e-01
9.865180325049619503e-01
9.881419250532702536e-01
9.873250520119654094e-01
9.888968387979731878e-01
9.895993214274646510e-01
9.880796271927205776e-01
9.887817712582641638e-01
9.896184197549243722e-01
9.889063773839033011e-01
9.888103977618067919e-01
9.880986939600409080e-01
9.910771703955250089e-01
9.903740106328304815e-01
9.903644624694251108e-01
9.896616296925541123e-01
9.932226956839349530e-01
9.939370653077007622e-01
9.935985314083380926e-01
9.943130028252925579e-01
9.928316268478782902e-01
9.920123131878232359e-01
9.916367026266453832e-01
9.924559161370389848e-01
9.946362240386433795e-01
9.949067112063794127e-01
9.941920138062074752e-01
9.939216284281173763e-01
9.934248956953637411e-01
9.926053436157148413e-01
9.923351966572185878e-01
9.931546228980038249e-01
9.938072382484895995e-01
9.936424242996297895e-01
9.928227720756269692e-01
9.929874601820805058e-01
9.951244774102471213e-01
9.945745823425510279e-01
9.952895165223322183e-01
9.944096674293448901e-01
9.939786729698041334e-01
9.931586821818534361e-01
9.930994358232070329e-01
9.939193140304275476e-01
9.954614032136245294e-01
9.954018191110226565e-01
9.947462430470831452e-01
9.946867831469027310e-01
9.952983873256562308e-01
9.955689978669716167e-01
9.961788530240429651e-01
9.959081390495543307e-01
9.961419011361601905e-01
9.962702977593513864e-01
9.966466963909353938e-01
9.957656234093285041e-01
9.952085192046195017e-01
9.949750634991244569e-01
9.955846926729782220e-01
9.945990026114960303e-01
9.969703604267069474e-01
9.972413087119779140e-01
9.964654600934665929e-01
9.967362957980072657e-01
9.972923329187939334e-01
9.977977977991998593e-01
9.972324110722365909e-01
9.977377708830271752e-01
9.971197682743062618e-01
9.969543914182656952e-01
9.976250071714946044e-01
9.974595177347237440e-01
9.960644443408699367e-01
9.966746380618891621e-01
9.961241310478028410e-01
9.967344381713093560e-01
9.957868666804775559e-01
9.959520183732929466e-01
9.963968443911358497e-01
9.965620995135818783e-01
9.952085192046195017e-01
9.945990026114960303e-01
9.955846926729782220e-01
9.949750634991244569e-01
9.961419011361601905e-01
9.966466963909353938e-01
9.962702977593513864e-01
9.957656234093285041e-01
9.952983873256562308e-01
9.955689978669716167e-01
9.961788530240429651e-01
9.959081390495543307e-01
9.967362957980072657e-01
9.972413087119779140e-01
9.969703604267069474e-01
9.964654600934665929e-01
9.971197682743062618e-01
9.969543914182656952e-01
9.974595177347237440e-01
9.976250071714946044e-01
9.957868666804775559e-01
9.965620995135818783e-01
9.959520183732929466e-01
9.963968443911358497e-01
9.972923329187939334e-01
9.977977977991998593e-01
9.977377708830271752e-01
9.972324110722365909e-01
9.961241310478028410e-01
9.960644443408699367e-01
9.967344381713093560e-01
9.966746380618891621e-01
9.946362240386433795e-01
9.949067112063794127e-01
9.941920138062074752e-01
9.939216284281173763e-01
9.928316268478782902e-01
9.916367026266453832e-01
9.920123131878232359e-01
9.924559161370389848e-01
9.932226956839349530e-01
9.943130028252925579e-01
9.935985314083380926e-01
9.939370653077007622e-01
9.923351966572185878e-01
9.926053436157148413e-01
9.931546228980038249e-01
9.934248956953637411e-01
9.939786729698041334e-01
9.931586821818534361e-01
9.939193140304275476e-01
9.930994358232070329e-01
9.938072382484895995e-01
9.936424242996297895e-01
9.929874601820805058e-01
9.928227720756269692e-01
9.954018191110226565e-01
9.946867831469027310e-01
9.954614032136245294e-01
9.947462430470831452e-01
9.951244774102471213e-01
9.952895165223322183e-01
9.944096674293448901e-01
9.945745823425510279e-01
9.926514361122966701e-01
9.933655090770791007e-01
9.921583393743960144e-01
9.928720629923394325e-01
9.913921950457809107e-01
9.905736167636258749e-01
9.910660363683233554e-01
9.918849532197336893e-01
9.923261965752795399e-01
9.917278990430079544e-01
9.910148525529602903e-01
9.916128115212839989e-01
9.902493729417446433e-01
9.894314842085962791e-01
9.900287660437168125e-01
9.908470057566166611e-01
9.888968387979731878e-01
9.895993214274646510e-01
9.887817712582641638e-01
9.880796271927205776e-01
9.910771703955250089e-01
9.896616296925541123e-01
9.903740106328304815e-01
9.903644624694251108e-01
9.873345801933556265e-01
9.865180325049619503e-01
9.873250520119654094e-01
9.881419250532702536e-01
9.888103977618067919e-01
9.896184197549243722e-01
9.880986939600409080e-01
9.889063773839033011e-01
9.929871708691225818e-01
9.923885347675958091e-01
9.929967390145428840e-01
9.935957136800174228e-01
9.946987262067509272e-01
9.956975549067474951e-01
9.952027653384929451e-01
9.951931772110576002e-01
9.946363696653319764e-01
9.935333758554377726e-01
9.941422572302804905e-01
9.940271497265413814e-01
9.946555446550269242e-01
9.940558928563492103e-01
9.941518357802405781e-01
9.935525225508181624e-01
9.906309584810132352e-01
9.911329670508253198e-01
9.914399961712817566e-01
9.919423433050417183e-01
9.921966027463388071e-01
9.929007782061842757e-01
9.926992884440466458e-01
9.934038099424600254e-01
9.902780298424567196e-01
9.908852192193173813e-01
9.894696692853912623e-01
9.900765200983041581e-01
9.917374576109531104e-01
9.910339592843107059e-01
9.923453332338567634e-01
9.916414963379591718e-01
9.813965821203004536e-01
9.807942649416114822e-01
9.826295617918150427e-01
9.820266817094749356e-01
9.831800211634833531e-01
9.836780672209448628e-01
9.824439617333038388e-01
9.819464785883176283e-01
9.832072568149068381e-01
9.843359803785094453e-01
9.849399961475494569e-01
9.838106998008979698e-01
9.854915813265200386e-01
9.859907532089322579e-01
9.848603310461543359e-01
9.843617220762175268e-01
9.875957748398306313e-01
9.865695989143911104e-01
9.870693262863411421e-01
9.880960651154317986e-01
9.854128721502540822e-01
9.870430638535577783e-01
9.864379222595670571e-01
9.860174508317693931e-01
9.894926017034150201e-01
9.899940177863184587e-01
9.890709622820909042e-01
9.885701091028386012e-01
9.883324974908984650e-01
9.874111307064485921e-01
9.889387558169026038e-01
9.880168261288014842e-01
9.825513824259132223e-01
9.836795529564381635e-01
9.829707048236951961e-01
9.818430971968213905e-01
9.799034925443698141e-01
9.778607628402179452e-01
9.790909279758284178e-01
9.786727768233176583e-01
9.794323569557790155e-01
9.813713702329567301e-01
9.806636479075159230e-01
9.801395163775685759e-01
9.802692514490073394e-01
9.813957332597547101e-01
9.810823789211998713e-01
9.822094236355983776e-01
9.861991858688770041e-01
9.853832306766798776e-01
9.852795078042047017e-01
9.844641287174075162e-01
9.843079880771007373e-01
9.832846266875653329e-01
9.834931718939547984e-01
9.824703734080705297e-01
9.867530145734239033e-01
9.860424661803299795e-01
9.876738184542226406e-01
9.869627071486535286e-01
9.847558818245316647e-01
9.857803690301935040e-01
9.840464707881374506e-01
9.850703835495749905e-01
9.879075398153613907e-01
9.868651343011866084e-01
9.874206390653161858e-01
9.863787931898437833e-01
9.884106705668624926e-01
9.893488876944828148e-01
9.898369077219326684e-01
9.888981309556100774e-01
9.858400171053680605e-01
9.852488060477595511e-01
9.862895326458274159e-01
9.868813033421381942e-01
9.872784448699691850e-01
9.882155427201848585e-01
9.888084326939001745e-01
9.878707752049822322e-01
9.859364792805446198e-01
9.866336795618233513e-01
9.875702177733366449e-01
9.868724722030344232e-01
9.846051600170183660e-01
9.849486863338074993e-01
9.839090790131442832e-01
9.856453269763838509e-01
9.843847889476101676e-01
9.853196474260257354e-01
9.861222773010964726e-01
9.851868591839786360e-01
9.823596288690007450e-01
9.831605630361375248e-01
9.833981160952685041e-01
9.841996266929345927e-01
9.847469164946718312e-01
9.841562650757657016e-01
9.830119097298456454e-01
9.836020015100495062e-01
9.829423693198698908e-01
9.821773685052266334e-01
9.816932659486929946e-01
9.834270315151057984e-01
9.846248801510588677e-01
9.852851329404451741e-01
9.841396583171205803e-01
9.857709144130857304e-01
9.811567284190265692e-01
9.805677559162273571e-01
9.824052721515010855e-01
9.818157400099996046e-01
9.789332617126655922e-01
9.776875161737027531e-01
9.797325337466983308e-01
9.784862285690330008e-01
9.804793708075981717e-01
9.811737728953652260e-01
9.792325059912305729e-01
9.799263484402953583e-01
9.820697009802504818e-01
9.809270245504374541e-01
9.812693096688132055e-01
9.801271928777024467e-01
9.835131786837267853e-01
9.828176573185550824e-01
9.823693829765091090e-01
9.816744212500396749e-01
9.851892217811308861e-01
9.863357470546324501e-01
9.855624328438984394e-01
9.867091443913037496e-01
9.843639069225669225e-01
9.831135666273094209e-01
9.827407281123495819e-01
9.839908821337033373e-01
9.870297965329239975e-01
9.872977426663570588e-01
9.861506577541532259e-01
9.858828978946239108e-01
9.849517584680232973e-01
9.837010246786527246e-01
9.834336574962456723e-01
9.846841848823978394e-01
9.853286751175482916e-01
9.851665805555588351e-01
9.839156798046081454e-01
9.840775872757030474e-01
9.875129389356819276e-01
9.865279485854675512e-01
9.876754076794607151e-01
9.863656669325834292e-01
9.854947015313909597e-01
9.842432403247471928e-01
9.841867887259476699e-01
9.854380628416968824e-01
9.878421808229003176e-01
9.877851679514169092e-01
9.866943483641087420e-01
9.866375225835198881e-01
9.881248807972978776e-01
9.883930132046347961e-01
9.894364693689864376e-01
9.891681506877456620e-01
9.898383927899633283e-01
9.904037188109194867e-01
9.907778468416642559e-01
9.894644518501131136e-01
9.884733544798572913e-01
9.878040415647830752e-01
9.888471243643361941e-01
9.874304579542079185e-01
9.910992473468630548e-01
9.913679385759115448e-01
9.901596062042674617e-01
9.904281111594119835e-01
9.909747919557185813e-01
9.919153813409588016e-01
9.909172178115511764e-01
9.918576056837438149e-01
9.908069139511402890e-01
9.906438687014208488e-01
9.917471147324381509e-01
9.915838832088149646e-01
9.888809989453877236e-01
9.899250155654325534e-01
9.889381989077657975e-01
9.899824026187051818e-01
9.886083965648543304e-01
9.887710692667660561e-01
9.896520398201006374e-01
9.898148987959162204e-01
9.884733544798572913e-01
9.874304579542079185e-01
9.888471243643361941e-01
9.878040415647830752e-01
9.898383927899633283e-01
9.907778468416642559e-01
9.904037188109194867e-01
9.894644518501131136e-01
9.881248807972978776e-01
9.883930132046347961e-01
9.894364693689864376e-01
9.891681506877456620e-01
9.904281111594119835e-01
9.913679385759115448e-01
9.910992473468630548e-01
9.901596062042674617e-01
9.908069139511402890e-01
9.906438687014208488e-01
9.915838832088149646e-01
9.917471147324381509e-01
9.886083965648543304e-01
9.898148987959162204e-01
9.887710692667660561e-01
9.896520398201006374e-01
9.909747919557185813e-01
9.919153813409588016e-01
9.918576056837438149e-01
9.909172178115511764e-01
9.889381989077657975e-01
9.888809989453877236e-01
9.899824026187051818e-01
9.899250155654325534e-01
9.870297965329239975e-01
9.872977426663570588e-01
9.861506577541532259e-01
9.858828978946239108e-01
9.843639069225669225e-01
9.827407281123495819e-01
9.831135666273094209e-01
9.839908821337033373e-01
9.851892217811308861e-01
9.867091443913037496e-01
9.855624328438984394e-01
9.863357470546324501e-01
9.834336574962456723e-01
9.837010246786527246e-01
9.846841848823978394e-01
9.849517584680232973e-01
9.854947015313909597e-01
9.842432403247471928e-01
9.854380628416968824e-01
9.841867887259476699e-01
9.853286751175482916e-01
9.851665805555588351e-01
9.840775872757030474e-01
9.839156798046081454e-01
9.877851679514169092e-01
9.866375225835198881e-01
9.878421808229003176e-01
9.866943483641087420e-01
9.875129389356819276e-01
9.876754076794607151e-01
9.863656669325834292e-01
9.865279485854675512e-01
9.846248801510588677e-01
9.857709144130857304e-01
9.841396583171205803e-01
9.852851329404451741e-01
9.829423693198698908e-01
9.816932659486929946e-01
9.821773685052266334e-01
9.834270315151057984e-01
9.847469164946718312e-01
9.841562650757657016e-01
9.830119097298456454e-01
9.836020015100495062e-01
9.818157400099996046e-01
9.805677559162273571e-01
9.811567284190265692e-01
9.824052721515010855e-01
9.804793708075981717e-01
9.811737728953652260e-01
9.799263484402953583e-01
9.792325059912305729e-01
9.835131786837267853e-01
9.816744212500396749e-01
9.828176573185550824e-01
9.823693829765091090e-01
9.789332617126655922e-01
9.776875161737027531e-01
9.784862285690330008e-01
9.797325337466983308e-01
9.812693096688132055e-01
9.820697009802504818e-01
9.801271928777024467e-01
9.809270245504374541e-01
9.858400171053680605e-01
9.852488060477595511e-01
9.862895326458274159e-01
9.868813033421381942e-01
9.884106705668624926e-01
9.898369077219326684e-01
9.893488876944828148e-01
9.888981309556100774e-01
9.879075398153613907e-01
9.863787931898437833e-01
9.874206390653161858e-01
9.868651343011866084e-01
9.888084326939001745e-01
9.882155427201848585e-01
9.878707752049822322e-01
9.872784448699691850e-01
9.843847889476101676e-01
9.853196474260257354e-01
9.851868591839786360e-01
9.861222773010964726e-01
9.859364792805446198e-01
9.866336795618233513e-01
9.868724722030344232e-01
9.875702177733366449e-01
9.831605630361375248e-01
9.841996266929345927e-01
9.823596288690007450e-01
9.833981160952685041e-01
9.846051600170183660e-01
9.839090790131442832e-01
9.856453269763838509e-01
9.849486863338074993e-01
