0.000000000000000000e+00 0.000000000000000000e+00 0.000000000000000000e+00
2.002002002002001985e-02 0.000000000000000000e+00 0.000000000000000000e+00
4.004004004004003969e-02 0.000000000000000000e+00 0.000000000000000000e+00
6.006006006006005954e-02 0.000000000000000000e+00 0.000000000000000000e+00
8.008008008008007939e-02 0.000000000000000000e+00 0.000000000000000000e+00
1.001001001001000923e-01 0.000000000000000000e+00 0.000000000000000000e+00
1.201201201201201191e-01 0.000000000000000000e+00 0.000000000000000000e+00
1.401401401401401459e-01 0.000000000000000000e+00 0.000000000000000000e+00
1.601601601601601588e-01 0.000000000000000000e+00 0.000000000000000000e+00
1.801801801801801717e-01 0.000000000000000000e+00 0.000000000000000000e+00
2.002002002002001846e-01 0.000000000000000000e+00 0.000000000000000000e+00
2.202202202202202252e-01 0.000000000000000000e+00 0.000000000000000000e+00
2.402402402402402382e-01 0.000000000000000000e+00 0.000000000000000000e+00
2.602602602602602788e-01 0.000000000000000000e+00 0.000000000000000000e+00
2.802802802802802917e-01 0.000000000000000000e+00 0.000000000000000000e+00
3.003003003003003046e-01 0.000000000000000000e+00 0.000000000000000000e+00
3.203203203203203175e-01 0.000000000000000000e+00 0.000000000000000000e+00
3.403403403403403304e-01 0.000000000000000000e+00 0.000000000000000000e+00
3.603603603603603434e-01 0.000000000000000000e+00 0.000000000000000000e+00
3.803803803803803563e-01 0.000000000000000000e+00 0.000000000000000000e+00
4.004004004004003692e-01 0.000000000000000000e+00 0.000000000000000000e+00
4.204204204204204376e-01 0.000000000000000000e+00 0.000000000000000000e+00
4.404404404404404505e-01 0.000000000000000000e+00 0.000000000000000000e+00
4.604604604604604634e-01 0.000000000000000000e+00 0.000000000000000000e+00
4.804804804804804763e-01 0.000000000000000000e+00 0.000000000000000000e+00
5.005005005005005447e-01 0.000000000000000000e+00 0.000000000000000000e+00
5.205205205205205576e-01 0.000000000000000000e+00 0.000000000000000000e+00
5.405405405405405705e-01 0.000000000000000000e+00 0.000000000000000000e+00
5.605605605605605835e-01 0.000000000000000000e+00 0.000000000000000000e+00
5.805805805805805964e-01 0.000000000000000000e+00 0.000000000000000000e+00
6.006006006006006093e-01 0.000000000000000000e+00 0.000000000000000000e+00
6.206206206206206222e-01 0.000000000000000000e+00 0.000000000000000000e+00
6.406406406406406351e-01 0.000000000000000000e+00 0.000000000000000000e+00
6.606606606606606480e-01 0.000000000000000000e+00 0.000000000000000000e+00
6.806806806806806609e-01 0.000000000000000000e+00 0.000000000000000000e+00
7.007007007007006738e-01 0.000000000000000000e+00 0.000000000000000000e+00
7.207207207207206867e-01 0.000000000000000000e+00 0.000000000000000000e+00
7.407407407407406996e-01 0.000000000000000000e+00 0.000000000000000000e+00
7.607607607607607125e-01 0.000000000000000000e+00 0.000000000000000000e+00
7.807807807807807254e-01 0.000000000000000000e+00 0.000000000000000000e+00
8.008008008008007383e-01 0.000000000000000000e+00 0.000000000000000000e+00
8.208208208208208623e-01 0.000000000000000000e+00 0.000000000000000000e+00
8.408408408408408752e-01 0.000000000000000000e+00 0.000000000000000000e+00
8.608608608608608881e-01 0.000000000000000000e+00 0.000000000000000000e+00
8.808808808808809010e-01 0.000000000000000000e+00 0.000000000000000000e+00
9.009009009009009139e-01 0.000000000000000000e+00 0.000000000000000000e+00
9.209209209209209268e-01 0.000000000000000000e+00 0.000000000000000000e+00
9.409409409409409397e-01 0.000000000000000000e+00 0.000000000000000000e+00
9.609609609609609526e-01 0.000000000000000000e+00 0.000000000000000000e+00
9.809809809809809655e-01 1.331176512687752407e-78 1.331176512687752407e-78
1.001001001001001089e+00 2.843303597184511755e+00 2.843303597184511755e+00
1.021021021021021102e+00 5.219881293390532682e-96 5.219881293390532682e-96
1.041041041041041115e+00 0.000000000000000000e+00 0.000000000000000000e+00
1.061061061061061128e+00 0.000000000000000000e+00 0.000000000000000000e+00
1.081081081081081141e+00 0.000000000000000000e+00 0.000000000000000000e+00
1.101101101101101154e+00 0.000000000000000000e+00 0.000000000000000000e+00
1.121121121121121167e+00 0.000000000000000000e+00 0.000000000000000000e+00
1.141141141141141180e+00 0.000000000000000000e+00 0.000000000000000000e+00
1.161161161161161193e+00 0.000000000000000000e+00 0.000000000000000000e+00
1.181181181181181206e+00 0.000000000000000000e+00 0.000000000000000000e+00
1.201201201201201219e+00 0.000000000000000000e+00 0.000000000000000000e+00
1.221221221221221231e+00 0.000000000000000000e+00 0.000000000000000000e+00
1.241241241241241244e+00 0.000000000000000000e+00 0.000000000000000000e+00
1.261261261261261257e+00 0.000000000000000000e+00 0.000000000000000000e+00
1.281281281281281270e+00 0.000000000000000000e+00 0.000000000000000000e+00
1.301301301301301283e+00 0.000000000000000000e+00 0.000000000000000000e+00
1.321321321321321296e+00 0.000000000000000000e+00 0.000000000000000000e+00
1.341341341341341309e+00 0.000000000000000000e+00 0.000000000000000000e+00
1.361361361361361322e+00 0.000000000000000000e+00 0.000000000000000000e+00
1.381381381381381335e+00 0.000000000000000000e+00 0.000000000000000000e+00
1.401401401401401348e+00 0.000000000000000000e+00 0.000000000000000000e+00
1.421421421421421361e+00 0.000000000000000000e+00 0.000000000000000000e+00
1.441441441441441373e+00 0.000000000000000000e+00 0.000000000000000000e+00
1.461461461461461386e+00 0.000000000000000000e+00 0.000000000000000000e+00
1.481481481481481399e+00 0.000000000000000000e+00 0.000000000000000000e+00
1.501501501501501412e+00 0.000000000000000000e+00 0.000000000000000000e+00
1.521521521521521425e+00 0.000000000000000000e+00 0.000000000000000000e+00
1.541541541541541438e+00 0.000000000000000000e+00 0.000000000000000000e+00
1.561561561561561451e+00 0.000000000000000000e+00 0.000000000000000000e+00
1.581581581581581464e+00 0.000000000000000000e+00 0.000000000000000000e+00
1.601601601601601477e+00 0.000000000000000000e+00 0.000000000000000000e+00
1.621621621621621712e+00 0.000000000000000000e+00 0.000000000000000000e+00
1.641641641641641725e+00 0.000000000000000000e+00 0.000000000000000000e+00
1.661661661661661737e+00 0.000000000000000000e+00 0.000000000000000000e+00
1.681681681681681750e+00 0.000000000000000000e+00 0.000000000000000000e+00
1.701701701701701763e+00 0.000000000000000000e+00 0.000000000000000000e+00
1.721721721721721776e+00 0.000000000000000000e+00 0.000000000000000000e+00
1.741741741741741789e+00 0.000000000000000000e+00 0.000000000000000000e+00
1.761761761761761802e+00 0.000000000000000000e+00 0.000000000000000000e+00
1.781781781781781815e+00 0.000000000000000000e+00 0.000000000000000000e+00
1.801801801801801828e+00 0.000000000000000000e+00 0.000000000000000000e+00
1.821821821821821841e+00 0.000000000000000000e+00 0.000000000000000000e+00
1.841841841841841854e+00 0.000000000000000000e+00 0.000000000000000000e+00
1.861861861861861867e+00 0.000000000000000000e+00 0.000000000000000000e+00
1.881881881881881879e+00 0.000000000000000000e+00 0.000000000000000000e+00
1.901901901901901892e+00 0.000000000000000000e+00 0.000000000000000000e+00
1.921921921921921905e+00 0.000000000000000000e+00 0.000000000000000000e+00
1.941941941941941918e+00 0.000000000000000000e+00 0.000000000000000000e+00
1.961961961961961931e+00 1.084118875966367775e-157 1.084118875966367775e-157
1.981981981981981944e+00 7.605049467579266429e-36 7.605049467579266429e-36
2.002002002002002179e+00 4.945976886469071188e-01 4.945976886469071188e-01
2.022022022022022192e+00 2.982133103518313502e-53 2.982133103518313502e-53
2.042042042042042205e+00 1.666966479967645706e-192 1.666966479967645706e-192
2.062062062062062218e+00 0.000000000000000000e+00 0.000000000000000000e+00
2.082082082082082231e+00 0.000000000000000000e+00 0.000000000000000000e+00
2.102102102102102243e+00 0.000000000000000000e+00 0.000000000000000000e+00
2.122122122122122256e+00 0.000000000000000000e+00 0.000000000000000000e+00
2.142142142142142269e+00 0.000000000000000000e+00 0.000000000000000000e+00
2.162162162162162282e+00 0.000000000000000000e+00 0.000000000000000000e+00
2.182182182182182295e+00 0.000000000000000000e+00 0.000000000000000000e+00
2.202202202202202308e+00 0.000000000000000000e+00 0.000000000000000000e+00
2.222222222222222321e+00 0.000000000000000000e+00 0.000000000000000000e+00
2.242242242242242334e+00 0.000000000000000000e+00 0.000000000000000000e+00
2.262262262262262347e+00 0.000000000000000000e+00 0.000000000000000000e+00
2.282282282282282360e+00 0.000000000000000000e+00 0.000000000000000000e+00
2.302302302302302373e+00 0.000000000000000000e+00 0.000000000000000000e+00
2.322322322322322385e+00 0.000000000000000000e+00 0.000000000000000000e+00
2.342342342342342398e+00 0.000000000000000000e+00 0.000000000000000000e+00
2.362362362362362411e+00 0.000000000000000000e+00 0.000000000000000000e+00
2.382382382382382424e+00 0.000000000000000000e+00 0.000000000000000000e+00
2.402402402402402437e+00 0.000000000000000000e+00 0.000000000000000000e+00
2.422422422422422450e+00 0.000000000000000000e+00 0.000000000000000000e+00
2.442442442442442463e+00 0.000000000000000000e+00 0.000000000000000000e+00
2.462462462462462476e+00 0.000000000000000000e+00 0.000000000000000000e+00
2.482482482482482489e+00 0.000000000000000000e+00 0.000000000000000000e+00
2.502502502502502502e+00 0.000000000000000000e+00 0.000000000000000000e+00
2.522522522522522515e+00 0.000000000000000000e+00 0.000000000000000000e+00
2.542542542542542527e+00 0.000000000000000000e+00 0.000000000000000000e+00
2.562562562562562540e+00 0.000000000000000000e+00 0.000000000000000000e+00
2.582582582582582553e+00 0.000000000000000000e+00 0.000000000000000000e+00
2.602602602602602566e+00 0.000000000000000000e+00 0.000000000000000000e+00
2.622622622622622579e+00 0.000000000000000000e+00 0.000000000000000000e+00
2.642642642642642592e+00 0.000000000000000000e+00 0.000000000000000000e+00
2.662662662662662605e+00 0.000000000000000000e+00 0.000000000000000000e+00
2.682682682682682618e+00 0.000000000000000000e+00 0.000000000000000000e+00
2.702702702702702631e+00 0.000000000000000000e+00 0.000000000000000000e+00
2.722722722722722644e+00 0.000000000000000000e+00 0.000000000000000000e+00
2.742742742742742657e+00 0.000000000000000000e+00 0.000000000000000000e+00
2.762762762762762669e+00 0.000000000000000000e+00 0.000000000000000000e+00
2.782782782782782682e+00 0.000000000000000000e+00 0.000000000000000000e+00
2.802802802802802695e+00 0.000000000000000000e+00 0.000000000000000000e+00
2.822822822822822708e+00 0.000000000000000000e+00 0.000000000000000000e+00
2.842842842842842721e+00 0.000000000000000000e+00 0.000000000000000000e+00
2.862862862862862734e+00 0.000000000000000000e+00 0.000000000000000000e+00
2.882882882882882747e+00 0.000000000000000000e+00 0.000000000000000000e+00
2.902902902902902760e+00 0.000000000000000000e+00 0.000000000000000000e+00
2.922922922922922773e+00 0.000000000000000000e+00 0.000000000000000000e+00
2.942942942942942786e+00 1.019426494718096257e-236 1.019426494718096257e-236
2.962962962962962798e+00 2.290130531967855820e-100 2.290130531967855820e-100
2.982982982982982811e+00 4.891564955893344898e-22 4.891564955893344898e-22
3.003003003003002824e+00 9.933874777781019627e-02 9.933874777781019627e-02
3.023023023023022837e+00 1.918106890063464468e-39 1.918106890063464468e-39
3.043043043043042850e+00 3.521358142728718818e-135 3.521358142728718818e-135
3.063063063063062863e+00 6.146542060976486127e-289 6.146542060976486127e-289
3.083083083083082876e+00 0.000000000000000000e+00 0.000000000000000000e+00
3.103103103103102889e+00 0.000000000000000000e+00 0.000000000000000000e+00
3.123123123123122902e+00 0.000000000000000000e+00 0.000000000000000000e+00
3.143143143143142915e+00 0.000000000000000000e+00 0.000000000000000000e+00
3.163163163163162928e+00 0.000000000000000000e+00 0.000000000000000000e+00
3.183183183183182940e+00 0.000000000000000000e+00 0.000000000000000000e+00
3.203203203203202953e+00 0.000000000000000000e+00 0.000000000000000000e+00
3.223223223223223410e+00 0.000000000000000000e+00 0.000000000000000000e+00
3.243243243243243423e+00 0.000000000000000000e+00 0.000000000000000000e+00
3.263263263263263436e+00 0.000000000000000000e+00 0.000000000000000000e+00
3.283283283283283449e+00 0.000000000000000000e+00 0.000000000000000000e+00
3.303303303303303462e+00 0.000000000000000000e+00 0.000000000000000000e+00
3.323323323323323475e+00 0.000000000000000000e+00 0.000000000000000000e+00
3.343343343343343488e+00 0.000000000000000000e+00 0.000000000000000000e+00
3.363363363363363501e+00 0.000000000000000000e+00 0.000000000000000000e+00
3.383383383383383514e+00 0.000000000000000000e+00 0.000000000000000000e+00
3.403403403403403527e+00 0.000000000000000000e+00 0.000000000000000000e+00
3.423423423423423539e+00 0.000000000000000000e+00 0.000000000000000000e+00
3.443443443443443552e+00 0.000000000000000000e+00 0.000000000000000000e+00
3.463463463463463565e+00 0.000000000000000000e+00 0.000000000000000000e+00
3.483483483483483578e+00 0.000000000000000000e+00 0.000000000000000000e+00
3.503503503503503591e+00 0.000000000000000000e+00 0.000000000000000000e+00
3.523523523523523604e+00 0.000000000000000000e+00 0.000000000000000000e+00
3.543543543543543617e+00 0.000000000000000000e+00 0.000000000000000000e+00
3.563563563563563630e+00 0.000000000000000000e+00 0.000000000000000000e+00
3.583583583583583643e+00 0.000000000000000000e+00 0.000000000000000000e+00
3.603603603603603656e+00 0.000000000000000000e+00 0.000000000000000000e+00
3.623623623623623669e+00 0.000000000000000000e+00 0.000000000000000000e+00
3.643643643643643681e+00 0.000000000000000000e+00 0.000000000000000000e+00
3.663663663663663694e+00 0.000000000000000000e+00 0.000000000000000000e+00
3.683683683683683707e+00 0.000000000000000000e+00 0.000000000000000000e+00
3.703703703703703720e+00 0.000000000000000000e+00 0.000000000000000000e+00
3.723723723723723733e+00 0.000000000000000000e+00 0.000000000000000000e+00
3.743743743743743746e+00 0.000000000000000000e+00 0.000000000000000000e+00
3.763763763763763759e+00 0.000000000000000000e+00 0.000000000000000000e+00
3.783783783783783772e+00 0.000000000000000000e+00 0.000000000000000000e+00
3.803803803803803785e+00 0.000000000000000000e+00 0.000000000000000000e+00
3.823823823823823798e+00 0.000000000000000000e+00 0.000000000000000000e+00
3.843843843843843811e+00 0.000000000000000000e+00 0.000000000000000000e+00
3.863863863863863823e+00 0.000000000000000000e+00 0.000000000000000000e+00
3.883883883883883836e+00 0.000000000000000000e+00 0.000000000000000000e+00
3.903903903903903849e+00 0.000000000000000000e+00 0.000000000000000000e+00
3.923923923923923862e+00 1.016670054989785597e-315 1.016670054989785597e-315
3.943943943943943875e+00 4.087181677963070016e-172 4.087181677963070016e-172
3.963963963963963888e+00 5.002997726041336346e-72 5.002997726041336346e-72
3.983983983983983901e+00 1.864657701120587399e-15 1.864657701120587399e-15
4.004004004004004358e+00 2.116071723477653405e-02 2.116071723477653405e-02
4.024024024024024371e+00 7.311796564830059906e-33 7.311796564830059906e-33
4.044044044044044384e+00 7.692726040978785663e-107 7.692726040978785663e-107
4.064064064064064397e+00 2.464330113482333119e-224 2.464330113482333119e-224
4.084084084084084409e+00 0.000000000000000000e+00 0.000000000000000000e+00
4.104104104104104422e+00 0.000000000000000000e+00 0.000000000000000000e+00
4.124124124124124435e+00 0.000000000000000000e+00 0.000000000000000000e+00
4.144144144144144448e+00 0.000000000000000000e+00 0.000000000000000000e+00
4.164164164164164461e+00 0.000000000000000000e+00 0.000000000000000000e+00
4.184184184184184474e+00 0.000000000000000000e+00 0.000000000000000000e+00
4.204204204204204487e+00 0.000000000000000000e+00 0.000000000000000000e+00
4.224224224224224500e+00 0.000000000000000000e+00 0.000000000000000000e+00
4.244244244244244513e+00 0.000000000000000000e+00 0.000000000000000000e+00
4.264264264264264526e+00 0.000000000000000000e+00 0.000000000000000000e+00
4.284284284284284539e+00 0.000000000000000000e+00 0.000000000000000000e+00
4.304304304304304551e+00 0.000000000000000000e+00 0.000000000000000000e+00
4.324324324324324564e+00 0.000000000000000000e+00 0.000000000000000000e+00
4.344344344344344577e+00 0.000000000000000000e+00 0.000000000000000000e+00
4.364364364364364590e+00 0.000000000000000000e+00 0.000000000000000000e+00
4.384384384384384603e+00 0.000000000000000000e+00 0.000000000000000000e+00
4.404404404404404616e+00 0.000000000000000000e+00 0.000000000000000000e+00
4.424424424424424629e+00 0.000000000000000000e+00 0.000000000000000000e+00
4.444444444444444642e+00 0.000000000000000000e+00 0.000000000000000000e+00
4.464464464464464655e+00 0.000000000000000000e+00 0.000000000000000000e+00
4.484484484484484668e+00 0.000000000000000000e+00 0.000000000000000000e+00
4.504504504504504681e+00 0.000000000000000000e+00 0.000000000000000000e+00
4.524524524524524693e+00 0.000000000000000000e+00 0.000000000000000000e+00
4.544544544544544706e+00 0.000000000000000000e+00 0.000000000000000000e+00
4.564564564564564719e+00 0.000000000000000000e+00 0.000000000000000000e+00
4.584584584584584732e+00 0.000000000000000000e+00 0.000000000000000000e+00
4.604604604604604745e+00 0.000000000000000000e+00 0.000000000000000000e+00
4.624624624624624758e+00 0.000000000000000000e+00 0.000000000000000000e+00
4.644644644644644771e+00 0.000000000000000000e+00 0.000000000000000000e+00
4.664664664664664784e+00 0.000000000000000000e+00 0.000000000000000000e+00
4.684684684684684797e+00 0.000000000000000000e+00 0.000000000000000000e+00
4.704704704704704810e+00 0.000000000000000000e+00 0.000000000000000000e+00
4.724724724724724823e+00 0.000000000000000000e+00 0.000000000000000000e+00
4.744744744744744835e+00 0.000000000000000000e+00 0.000000000000000000e+00
4.764764764764764848e+00 0.000000000000000000e+00 0.000000000000000000e+00
4.784784784784784861e+00 0.000000000000000000e+00 0.000000000000000000e+00
4.804804804804804874e+00 0.000000000000000000e+00 0.000000000000000000e+00
4.824824824824824887e+00 0.000000000000000000e+00 0.000000000000000000e+00
4.844844844844844900e+00 0.000000000000000000e+00 0.000000000000000000e+00
4.864864864864864913e+00 0.000000000000000000e+00 0.000000000000000000e+00
4.884884884884884926e+00 0.000000000000000000e+00 0.000000000000000000e+00
4.904904904904904939e+00 0.000000000000000000e+00 0.000000000000000000e+00
4.924924924924924952e+00 9.459658680254094703e-247 9.459658680254094703e-247
4.944944944944944965e+00 1.314053641228305630e-133 1.314053641228305630e-133
4.964964964964964977e+00 2.806730294131179472e-55 2.806730294131179472e-55
4.984984984984984990e+00 9.218032418891402683e-12 9.218032418891402683e-12
5.005005005005005003e+00 4.655064908042866149e-03 4.655064908042866149e-03
5.025025025025025016e+00 3.614624696777134868e-29 3.614624696777134868e-29
5.045045045045045029e+00 4.315693991094248961e-90 4.315693991094248961e-90
5.065065065065065042e+00 7.922970432864640597e-186 7.922970432864640597e-186
5.085085085085085055e+00 2.236533401200279809e-316 2.236533401200279809e-316
5.105105105105105068e+00 0.000000000000000000e+00 0.000000000000000000e+00
5.125125125125125081e+00 0.000000000000000000e+00 0.000000000000000000e+00
5.145145145145145094e+00 0.000000000000000000e+00 0.000000000000000000e+00
5.165165165165165106e+00 0.000000000000000000e+00 0.000000000000000000e+00
5.185185185185185119e+00 0.000000000000000000e+00 0.000000000000000000e+00
5.205205205205205132e+00 0.000000000000000000e+00 0.000000000000000000e+00
5.225225225225225145e+00 0.000000000000000000e+00 0.000000000000000000e+00
5.245245245245245158e+00 0.000000000000000000e+00 0.000000000000000000e+00
5.265265265265265171e+00 0.000000000000000000e+00 0.000000000000000000e+00
5.285285285285285184e+00 0.000000000000000000e+00 0.000000000000000000e+00
5.305305305305305197e+00 0.000000000000000000e+00 0.000000000000000000e+00
5.325325325325325210e+00 0.000000000000000000e+00 0.000000000000000000e+00
5.345345345345345223e+00 0.000000000000000000e+00 0.000000000000000000e+00
5.365365365365365236e+00 0.000000000000000000e+00 0.000000000000000000e+00
5.385385385385385248e+00 0.000000000000000000e+00 0.000000000000000000e+00
5.405405405405405261e+00 0.000000000000000000e+00 0.000000000000000000e+00
5.425425425425425274e+00 0.000000000000000000e+00 0.000000000000000000e+00
5.445445445445445287e+00 0.000000000000000000e+00 0.000000000000000000e+00
5.465465465465465300e+00 0.000000000000000000e+00 0.000000000000000000e+00
5.485485485485485313e+00 0.000000000000000000e+00 0.000000000000000000e+00
5.505505505505505326e+00 0.000000000000000000e+00 0.000000000000000000e+00
5.525525525525525339e+00 0.000000000000000000e+00 0.000000000000000000e+00
5.545545545545545352e+00 0.000000000000000000e+00 0.000000000000000000e+00
5.565565565565565365e+00 0.000000000000000000e+00 0.000000000000000000e+00
5.585585585585585378e+00 0.000000000000000000e+00 0.000000000000000000e+00
5.605605605605605390e+00 0.000000000000000000e+00 0.000000000000000000e+00
5.625625625625625403e+00 0.000000000000000000e+00 0.000000000000000000e+00
5.645645645645645416e+00 0.000000000000000000e+00 0.000000000000000000e+00
5.665665665665665429e+00 0.000000000000000000e+00 0.000000000000000000e+00
5.685685685685685442e+00 0.000000000000000000e+00 0.000000000000000000e+00
5.705705705705705455e+00 0.000000000000000000e+00 0.000000000000000000e+00
5.725725725725725468e+00 0.000000000000000000e+00 0.000000000000000000e+00
5.745745745745745481e+00 0.000000000000000000e+00 0.000000000000000000e+00
5.765765765765765494e+00 0.000000000000000000e+00 0.000000000000000000e+00
5.785785785785785507e+00 0.000000000000000000e+00 0.000000000000000000e+00
5.805805805805805520e+00 0.000000000000000000e+00 0.000000000000000000e+00
5.825825825825825532e+00 0.000000000000000000e+00 0.000000000000000000e+00
5.845845845845845545e+00 0.000000000000000000e+00 0.000000000000000000e+00
5.865865865865865558e+00 0.000000000000000000e+00 0.000000000000000000e+00
5.885885885885885571e+00 0.000000000000000000e+00 0.000000000000000000e+00
5.905905905905905584e+00 7.905050333459944707e-323 7.905050333459944707e-323
5.925925925925925597e+00 5.554414996942043483e-201 5.554414996942043483e-201
5.945945945945945610e+00 3.799313195688135850e-108 3.799313195688135850e-108
5.965965965965965623e+00 2.534040205534608545e-44 2.534040205534608545e-44
5.985985985985985636e+00 1.648024031848763377e-09 1.648024031848763377e-09
6.006006006006005649e+00 1.045093661103251546e-03 1.045093661103251546e-03
6.026026026026025662e+00 6.462320911574101156e-27 6.462320911574101156e-27
6.046046046046045674e+00 3.896399348072946705e-79 3.896399348072946705e-79
6.066066066066065687e+00 2.290762353255808755e-160 2.290762353255808755e-160
6.086086086086085700e+00 1.313222292569478390e-270 1.313222292569478390e-270
6.106106106106105713e+00 0.000000000000000000e+00 0.000000000000000000e+00
6.126126126126125726e+00 0.000000000000000000e+00 0.000000000000000000e+00
6.146146146146145739e+00 0.000000000000000000e+00 0.000000000000000000e+00
6.166166166166165752e+00 0.000000000000000000e+00 0.000000000000000000e+00
6.186186186186185765e+00 0.000000000000000000e+00 0.000000000000000000e+00
6.206206206206205778e+00 0.000000000000000000e+00 0.000000000000000000e+00
6.226226226226225791e+00 0.000000000000000000e+00 0.000000000000000000e+00
6.246246246246245803e+00 0.000000000000000000e+00 0.000000000000000000e+00
6.266266266266265816e+00 0.000000000000000000e+00 0.000000000000000000e+00
6.286286286286285829e+00 0.000000000000000000e+00 0.000000000000000000e+00
6.306306306306305842e+00 0.000000000000000000e+00 0.000000000000000000e+00
6.326326326326325855e+00 0.000000000000000000e+00 0.000000000000000000e+00
6.346346346346345868e+00 0.000000000000000000e+00 0.000000000000000000e+00
6.366366366366365881e+00 0.000000000000000000e+00 0.000000000000000000e+00
6.386386386386385894e+00 0.000000000000000000e+00 0.000000000000000000e+00
6.406406406406405907e+00 0.000000000000000000e+00 0.000000000000000000e+00
6.426426426426426808e+00 0.000000000000000000e+00 0.000000000000000000e+00
6.446446446446446821e+00 0.000000000000000000e+00 0.000000000000000000e+00
6.466466466466466834e+00 0.000000000000000000e+00 0.000000000000000000e+00
6.486486486486486847e+00 0.000000000000000000e+00 0.000000000000000000e+00
6.506506506506506859e+00 0.000000000000000000e+00 0.000000000000000000e+00
6.526526526526526872e+00 0.000000000000000000e+00 0.000000000000000000e+00
6.546546546546546885e+00 0.000000000000000000e+00 0.000000000000000000e+00
6.566566566566566898e+00 0.000000000000000000e+00 0.000000000000000000e+00
6.586586586586586911e+00 0.000000000000000000e+00 0.000000000000000000e+00
6.606606606606606924e+00 0.000000000000000000e+00 0.000000000000000000e+00
6.626626626626626937e+00 0.000000000000000000e+00 0.000000000000000000e+00
6.646646646646646950e+00 0.000000000000000000e+00 0.000000000000000000e+00
6.666666666666666963e+00 0.000000000000000000e+00 0.000000000000000000e+00
6.686686686686686976e+00 0.000000000000000000e+00 0.000000000000000000e+00
6.706706706706706989e+00 0.000000000000000000e+00 0.000000000000000000e+00
6.726726726726727001e+00 0.000000000000000000e+00 0.000000000000000000e+00
6.746746746746747014e+00 0.000000000000000000e+00 0.000000000000000000e+00
6.766766766766767027e+00 0.000000000000000000e+00 0.000000000000000000e+00
6.786786786786787040e+00 0.000000000000000000e+00 0.000000000000000000e+00
6.806806806806807053e+00 0.000000000000000000e+00 0.000000000000000000e+00
6.826826826826827066e+00 0.000000000000000000e+00 0.000000000000000000e+00
6.846846846846847079e+00 0.000000000000000000e+00 0.000000000000000000e+00
6.866866866866867092e+00 0.000000000000000000e+00 0.000000000000000000e+00
6.886886886886887105e+00 0.000000000000000000e+00 0.000000000000000000e+00
6.906906906906907118e+00 1.151364531065018068e-271 1.151364531065018068e-271
6.926926926926927131e+00 1.808573557549897029e-168 1.808573557549897029e-168
6.946946946946947143e+00 3.862991611508563329e-90 3.862991611508563329e-90
6.966966966966967156e+00 1.121955445967217241e-36 1.121955445967217241e-36
6.986986986986987169e+00 4.430897612035582687e-08 4.430897612035582687e-08
7.007007007007007182e+00 2.379425304834433257e-04 2.379425304834433257e-04
7.027027027027027195e+00 1.737467521215842219e-25 1.737467521215842219e-25
7.047047047047047208e+00 1.725144872861891929e-71 1.725144872861891929e-71
7.067067067067067221e+00 2.329156691935867562e-142 2.329156691935867562e-142
7.087087087087087234e+00 4.275984266212598251e-238 4.275984266212598251e-238
7.107107107107107247e+00 0.000000000000000000e+00 0.000000000000000000e+00
7.127127127127127260e+00 0.000000000000000000e+00 0.000000000000000000e+00
7.147147147147147273e+00 0.000000000000000000e+00 0.000000000000000000e+00
7.167167167167167285e+00 0.000000000000000000e+00 0.000000000000000000e+00
7.187187187187187298e+00 0.000000000000000000e+00 0.000000000000000000e+00
7.207207207207207311e+00 0.000000000000000000e+00 0.000000000000000000e+00
7.227227227227227324e+00 0.000000000000000000e+00 0.000000000000000000e+00
7.247247247247247337e+00 0.000000000000000000e+00 0.000000000000000000e+00
7.267267267267267350e+00 0.000000000000000000e+00 0.000000000000000000e+00
7.287287287287287363e+00 0.000000000000000000e+00 0.000000000000000000e+00
7.307307307307307376e+00 0.000000000000000000e+00 0.000000000000000000e+00
7.327327327327327389e+00 0.000000000000000000e+00 0.000000000000000000e+00
7.347347347347347402e+00 0.000000000000000000e+00 0.000000000000000000e+00
7.367367367367367414e+00 0.000000000000000000e+00 0.000000000000000000e+00
7.387387387387387427e+00 0.000000000000000000e+00 0.000000000000000000e+00
7.407407407407407440e+00 0.000000000000000000e+00 0.000000000000000000e+00
7.427427427427427453e+00 0.000000000000000000e+00 0.000000000000000000e+00
7.447447447447447466e+00 0.000000000000000000e+00 0.000000000000000000e+00
7.467467467467467479e+00 0.000000000000000000e+00 0.000000000000000000e+00
7.487487487487487492e+00 0.000000000000000000e+00 0.000000000000000000e+00
7.507507507507507505e+00 0.000000000000000000e+00 0.000000000000000000e+00
7.527527527527527518e+00 0.000000000000000000e+00 0.000000000000000000e+00
7.547547547547547531e+00 0.000000000000000000e+00 0.000000000000000000e+00
7.567567567567567544e+00 0.000000000000000000e+00 0.000000000000000000e+00
7.587587587587587556e+00 0.000000000000000000e+00 0.000000000000000000e+00
7.607607607607607569e+00 0.000000000000000000e+00 0.000000000000000000e+00
7.627627627627627582e+00 0.000000000000000000e+00 0.000000000000000000e+00
7.647647647647647595e+00 0.000000000000000000e+00 0.000000000000000000e+00
7.667667667667667608e+00 0.000000000000000000e+00 0.000000000000000000e+00
7.687687687687687621e+00 0.000000000000000000e+00 0.000000000000000000e+00
7.707707707707707634e+00 0.000000000000000000e+00 0.000000000000000000e+00
7.727727727727727647e+00 0.000000000000000000e+00 0.000000000000000000e+00
7.747747747747747660e+00 0.000000000000000000e+00 0.000000000000000000e+00
7.767767767767767673e+00 0.000000000000000000e+00 0.000000000000000000e+00
7.787787787787787686e+00 0.000000000000000000e+00 0.000000000000000000e+00
7.807807807807807698e+00 0.000000000000000000e+00 0.000000000000000000e+00
7.827827827827827711e+00 0.000000000000000000e+00 0.000000000000000000e+00
7.847847847847847724e+00 0.000000000000000000e+00 0.000000000000000000e+00
7.867867867867867737e+00 0.000000000000000000e+00 0.000000000000000000e+00
7.887887887887887750e+00 0.000000000000000000e+00 0.000000000000000000e+00
7.907907907907907763e+00 1.892081366394299908e-233 1.892081366394299908e-233
7.927927927927927776e+00 3.059403675712687148e-144 3.059403675712687148e-144
7.947947947947947789e+00 8.632070627093429205e-77 8.632070627093429205e-77
7.967967967967967802e+00 4.249857923999298053e-31 4.249857923999298053e-31
7.987987987987987815e+00 3.651027157974870873e-07 3.651027157974870873e-07
8.008008008008008716e+00 5.473144834044856282e-05 5.473144834044856282e-05
8.028028028028028729e+00 1.431660503465430349e-24 1.431660503465430349e-24
8.048048048048048742e+00 6.534680707972985949e-66 6.534680707972985949e-66
8.068068068068068754e+00 5.204630785741406080e-129 5.204630785741406080e-129
8.088088088088088767e+00 7.233303797183552227e-214 7.233303797183552227e-214
8.108108108108108780e+00 1.753933042736425232e-320 1.753933042736425232e-320
8.128128128128128793e+00 0.000000000000000000e+00 0.000000000000000000e+00
8.148148148148148806e+00 0.000000000000000000e+00 0.000000000000000000e+00
8.168168168168168819e+00 0.000000000000000000e+00 0.000000000000000000e+00
8.188188188188188832e+00 0.000000000000000000e+00 0.000000000000000000e+00
8.208208208208208845e+00 0.000000000000000000e+00 0.000000000000000000e+00
8.228228228228228858e+00 0.000000000000000000e+00 0.000000000000000000e+00
8.248248248248248871e+00 0.000000000000000000e+00 0.000000000000000000e+00
8.268268268268268884e+00 0.000000000000000000e+00 0.000000000000000000e+00
8.288288288288288896e+00 0.000000000000000000e+00 0.000000000000000000e+00
8.308308308308308909e+00 0.000000000000000000e+00 0.000000000000000000e+00
8.328328328328328922e+00 0.000000000000000000e+00 0.000000000000000000e+00
8.348348348348348935e+00 0.000000000000000000e+00 0.000000000000000000e+00
8.368368368368368948e+00 0.000000000000000000e+00 0.000000000000000000e+00
8.388388388388388961e+00 0.000000000000000000e+00 0.000000000000000000e+00
8.408408408408408974e+00 0.000000000000000000e+00 0.000000000000000000e+00
8.428428428428428987e+00 0.000000000000000000e+00 0.000000000000000000e+00
8.448448448448449000e+00 0.000000000000000000e+00 0.000000000000000000e+00
8.468468468468469013e+00 0.000000000000000000e+00 0.000000000000000000e+00
8.488488488488489025e+00 0.000000000000000000e+00 0.000000000000000000e+00
8.508508508508509038e+00 0.000000000000000000e+00 0.000000000000000000e+00
8.528528528528529051e+00 0.000000000000000000e+00 0.000000000000000000e+00
8.548548548548549064e+00 0.000000000000000000e+00 0.000000000000000000e+00
8.568568568568569077e+00 0.000000000000000000e+00 0.000000000000000000e+00
8.588588588588589090e+00 0.000000000000000000e+00 0.000000000000000000e+00
8.608608608608609103e+00 0.000000000000000000e+00 0.000000000000000000e+00
8.628628628628629116e+00 0.000000000000000000e+00 0.000000000000000000e+00
8.648648648648649129e+00 0.000000000000000000e+00 0.000000000000000000e+00
8.668668668668669142e+00 0.000000000000000000e+00 0.000000000000000000e+00
8.688688688688689155e+00 0.000000000000000000e+00 0.000000000000000000e+00
8.708708708708709167e+00 0.000000000000000000e+00 0.000000000000000000e+00
8.728728728728729180e+00 0.000000000000000000e+00 0.000000000000000000e+00
8.748748748748749193e+00 0.000000000000000000e+00 0.000000000000000000e+00
8.768768768768769206e+00 0.000000000000000000e+00 0.000000000000000000e+00
8.788788788788789219e+00 0.000000000000000000e+00 0.000000000000000000e+00
8.808808808808809232e+00 0.000000000000000000e+00 0.000000000000000000e+00
8.828828828828829245e+00 0.000000000000000000e+00 0.000000000000000000e+00
8.848848848848849258e+00 0.000000000000000000e+00 0.000000000000000000e+00
8.868868868868869271e+00 0.000000000000000000e+00 0.000000000000000000e+00
8.888888888888889284e+00 1.554594678178382176e-301 1.554594678178382176e-301
8.908908908908909297e+00 7.275178869868279536e-204 7.275178869868279536e-204
8.928928928928929309e+00 1.553929328956461958e-125 1.553929328956461958e-125
8.948948948948949322e+00 1.514885962171119425e-66 1.514885962171119425e-66
8.968968968968969335e+00 6.740462673125348648e-27 6.740462673125348648e-27
8.988988988988989348e+00 1.368864826344169418e-06 1.368864826344169418e-06
9.009009009009009361e+00 1.268798071167962485e-05 1.268798071167962485e-05
9.029029029029029374e+00 5.367666746002210513e-24 5.367666746002210513e-24
9.049049049049049387e+00 1.036429268474270718e-61 1.036429268474270718e-61
9.069069069069069400e+00 9.133871183651236420e-119 9.133871183651236420e-119
9.089089089089089413e+00 3.673932604881251088e-195 3.673932604881251088e-195
9.109109109109109426e+00 6.744792253774043254e-291 6.744792253774043254e-291
9.129129129129129439e+00 0.000000000000000000e+00 0.000000000000000000e+00
9.149149149149149451e+00 0.000000000000000000e+00 0.000000000000000000e+00
9.169169169169169464e+00 0.000000000000000000e+00 0.000000000000000000e+00
9.189189189189189477e+00 0.000000000000000000e+00 0.000000000000000000e+00
9.209209209209209490e+00 0.000000000000000000e+00 0.000000000000000000e+00
9.229229229229229503e+00 0.000000000000000000e+00 0.000000000000000000e+00
9.249249249249249516e+00 0.000000000000000000e+00 0.000000000000000000e+00
9.269269269269269529e+00 0.000000000000000000e+00 0.000000000000000000e+00
9.289289289289289542e+00 0.000000000000000000e+00 0.000000000000000000e+00
9.309309309309309555e+00 0.000000000000000000e+00 0.000000000000000000e+00
9.329329329329329568e+00 0.000000000000000000e+00 0.000000000000000000e+00
9.349349349349349581e+00 0.000000000000000000e+00 0.000000000000000000e+00
9.369369369369369593e+00 0.000000000000000000e+00 0.000000000000000000e+00
9.389389389389389606e+00 0.000000000000000000e+00 0.000000000000000000e+00
9.409409409409409619e+00 0.000000000000000000e+00 0.000000000000000000e+00
9.429429429429429632e+00 0.000000000000000000e+00 0.000000000000000000e+00
9.449449449449449645e+00 0.000000000000000000e+00 0.000000000000000000e+00
9.469469469469469658e+00 0.000000000000000000e+00 0.000000000000000000e+00
9.489489489489489671e+00 0.000000000000000000e+00 0.000000000000000000e+00
9.509509509509509684e+00 0.000000000000000000e+00 0.000000000000000000e+00
9.529529529529529697e+00 0.000000000000000000e+00 0.000000000000000000e+00
9.549549549549549710e+00 0.000000000000000000e+00 0.000000000000000000e+00
9.569569569569569722e+00 0.000000000000000000e+00 0.000000000000000000e+00
9.589589589589589735e+00 0.000000000000000000e+00 0.000000000000000000e+00
9.609609609609609748e+00 0.000000000000000000e+00 0.000000000000000000e+00
9.629629629629629761e+00 0.000000000000000000e+00 0.000000000000000000e+00
9.649649649649649774e+00 0.000000000000000000e+00 0.000000000000000000e+00
9.669669669669669787e+00 0.000000000000000000e+00 0.000000000000000000e+00
9.689689689689689800e+00 0.000000000000000000e+00 0.000000000000000000e+00
9.709709709709709813e+00 0.000000000000000000e+00 0.000000000000000000e+00
9.729729729729729826e+00 0.000000000000000000e+00 0.000000000000000000e+00
9.749749749749749839e+00 0.000000000000000000e+00 0.000000000000000000e+00
9.769769769769769852e+00 0.000000000000000000e+00 0.000000000000000000e+00
9.789789789789789864e+00 0.000000000000000000e+00 0.000000000000000000e+00
9.809809809809809877e+00 0.000000000000000000e+00 0.000000000000000000e+00
9.829829829829829890e+00 0.000000000000000000e+00 0.000000000000000000e+00
9.849849849849849903e+00 0.000000000000000000e+00 0.000000000000000000e+00
9.869869869869869916e+00 0.000000000000000000e+00 0.000000000000000000e+00
9.889889889889889929e+00 2.358260048066188156e-267 2.358260048066188156e-267
9.909909909909909942e+00 2.543705280412754097e-180 2.543705280412754097e-180
9.929929929929929955e+00 1.075887520140729243e-110 1.075887520140729243e-110
9.949949949949949968e+00 1.784398825380711144e-58 1.784398825380711144e-58
9.969969969969969981e+00 1.160491510830737497e-23 1.160491510830737497e-23
9.989989989989989994e+00 2.959490753832341602e-06 2.959490753832341602e-06
1.001001001001001001e+01 2.959490753832341602e-06 2.959490753832341602e-06
1.003003003003003002e+01 1.160491510830737497e-23 1.160491510830737497e-23
1.005005005005005003e+01 1.784398825380711144e-58 1.784398825380711144e-58
1.007007007007007005e+01 1.075887520140729243e-110 1.075887520140729243e-110
1.009009009009009006e+01 2.543705280412754097e-180 2.543705280412754097e-180
1.011011011011011007e+01 2.358260048066188156e-267 2.358260048066188156e-267
1.013013013013013008e+01 0.000000000000000000e+00 0.000000000000000000e+00
1.015015015015015010e+01 0.000000000000000000e+00 0.000000000000000000e+00
1.017017017017017011e+01 0.000000000000000000e+00 0.000000000000000000e+00
1.019019019019019012e+01 0.000000000000000000e+00 0.000000000000000000e+00
1.021021021021021014e+01 0.000000000000000000e+00 0.000000000000000000e+00
1.023023023023023015e+01 0.000000000000000000e+00 0.000000000000000000e+00
1.025025025025025016e+01 0.000000000000000000e+00 0.000000000000000000e+00
1.027027027027027017e+01 0.000000000000000000e+00 0.000000000000000000e+00
1.029029029029029019e+01 0.000000000000000000e+00 0.000000000000000000e+00
1.031031031031031020e+01 0.000000000000000000e+00 0.000000000000000000e+00
1.033033033033033021e+01 0.000000000000000000e+00 0.000000000000000000e+00
1.035035035035035023e+01 0.000000000000000000e+00 0.000000000000000000e+00
1.037037037037037024e+01 0.000000000000000000e+00 0.000000000000000000e+00
1.039039039039039025e+01 0.000000000000000000e+00 0.000000000000000000e+00
1.041041041041041026e+01 0.000000000000000000e+00 0.000000000000000000e+00
1.043043043043043028e+01 0.000000000000000000e+00 0.000000000000000000e+00
1.045045045045045029e+01 0.000000000000000000e+00 0.000000000000000000e+00
1.047047047047047030e+01 0.000000000000000000e+00 0.000000000000000000e+00
1.049049049049049032e+01 0.000000000000000000e+00 0.000000000000000000e+00
1.051051051051051033e+01 0.000000000000000000e+00 0.000000000000000000e+00
1.053053053053053034e+01 0.000000000000000000e+00 0.000000000000000000e+00
1.055055055055055035e+01 0.000000000000000000e+00 0.000000000000000000e+00
1.057057057057057037e+01 0.000000000000000000e+00 0.000000000000000000e+00
1.059059059059059038e+01 0.000000000000000000e+00 0.000000000000000000e+00
1.061061061061061039e+01 0.000000000000000000e+00 0.000000000000000000e+00
1.063063063063063041e+01 0.000000000000000000e+00 0.000000000000000000e+00
1.065065065065065042e+01 0.000000000000000000e+00 0.000000000000000000e+00
1.067067067067067043e+01 0.000000000000000000e+00 0.000000000000000000e+00
1.069069069069069045e+01 0.000000000000000000e+00 0.000000000000000000e+00
1.071071071071071046e+01 0.000000000000000000e+00 0.000000000000000000e+00
1.073073073073073047e+01 0.000000000000000000e+00 0.000000000000000000e+00
1.075075075075075048e+01 0.000000000000000000e+00 0.000000000000000000e+00
1.077077077077077050e+01 0.000000000000000000e+00 0.000000000000000000e+00
1.079079079079079051e+01 0.000000000000000000e+00 0.000000000000000000e+00
1.081081081081081052e+01 0.000000000000000000e+00 0.000000000000000000e+00
1.083083083083083054e+01 0.000000000000000000e+00 0.000000000000000000e+00
1.085085085085085055e+01 0.000000000000000000e+00 0.000000000000000000e+00
1.087087087087087056e+01 0.000000000000000000e+00 0.000000000000000000e+00
1.089089089089089057e+01 0.000000000000000000e+00 0.000000000000000000e+00
1.091091091091091059e+01 0.000000000000000000e+00 0.000000000000000000e+00
1.093093093093093060e+01 0.000000000000000000e+00 0.000000000000000000e+00
1.095095095095095061e+01 0.000000000000000000e+00 0.000000000000000000e+00
1.097097097097097063e+01 0.000000000000000000e+00 0.000000000000000000e+00
1.099099099099099064e+01 0.000000000000000000e+00 0.000000000000000000e+00
1.101101101101101065e+01 0.000000000000000000e+00 0.000000000000000000e+00
1.103103103103103066e+01 0.000000000000000000e+00 0.000000000000000000e+00
1.105105105105105068e+01 0.000000000000000000e+00 0.000000000000000000e+00
1.107107107107107069e+01 0.000000000000000000e+00 0.000000000000000000e+00
1.109109109109109070e+01 0.000000000000000000e+00 0.000000000000000000e+00
1.111111111111111072e+01 0.000000000000000000e+00 0.000000000000000000e+00
1.113113113113113073e+01 0.000000000000000000e+00 0.000000000000000000e+00
1.115115115115115074e+01 0.000000000000000000e+00 0.000000000000000000e+00
1.117117117117117076e+01 0.000000000000000000e+00 0.000000000000000000e+00
1.119119119119119077e+01 0.000000000000000000e+00 0.000000000000000000e+00
1.121121121121121078e+01 0.000000000000000000e+00 0.000000000000000000e+00
1.123123123123123079e+01 0.000000000000000000e+00 0.000000000000000000e+00
1.125125125125125081e+01 0.000000000000000000e+00 0.000000000000000000e+00
1.127127127127127082e+01 0.000000000000000000e+00 0.000000000000000000e+00
1.129129129129129083e+01 0.000000000000000000e+00 0.000000000000000000e+00
1.131131131131131085e+01 0.000000000000000000e+00 0.000000000000000000e+00
1.133133133133133086e+01 0.000000000000000000e+00 0.000000000000000000e+00
1.135135135135135087e+01 0.000000000000000000e+00 0.000000000000000000e+00
1.137137137137137088e+01 0.000000000000000000e+00 0.000000000000000000e+00
1.139139139139139090e+01 0.000000000000000000e+00 0.000000000000000000e+00
1.141141141141141091e+01 0.000000000000000000e+00 0.000000000000000000e+00
1.143143143143143092e+01 0.000000000000000000e+00 0.000000000000000000e+00
1.145145145145145094e+01 0.000000000000000000e+00 0.000000000000000000e+00
1.147147147147147095e+01 0.000000000000000000e+00 0.000000000000000000e+00
1.149149149149149096e+01 0.000000000000000000e+00 0.000000000000000000e+00
1.151151151151151097e+01 0.000000000000000000e+00 0.000000000000000000e+00
1.153153153153153099e+01 0.000000000000000000e+00 0.000000000000000000e+00
1.155155155155155100e+01 0.000000000000000000e+00 0.000000000000000000e+00
1.157157157157157101e+01 0.000000000000000000e+00 0.000000000000000000e+00
1.159159159159159103e+01 0.000000000000000000e+00 0.000000000000000000e+00
1.161161161161161104e+01 0.000000000000000000e+00 0.000000000000000000e+00
1.163163163163163105e+01 0.000000000000000000e+00 0.000000000000000000e+00
1.165165165165165106e+01 0.000000000000000000e+00 0.000000000000000000e+00
1.167167167167167108e+01 0.000000000000000000e+00 0.000000000000000000e+00
1.169169169169169109e+01 0.000000000000000000e+00 0.000000000000000000e+00
1.171171171171171110e+01 0.000000000000000000e+00 0.000000000000000000e+00
1.173173173173173112e+01 0.000000000000000000e+00 0.000000000000000000e+00
1.175175175175175113e+01 0.000000000000000000e+00 0.000000000000000000e+00
1.177177177177177114e+01 0.000000000000000000e+00 0.000000000000000000e+00
1.179179179179179116e+01 0.000000000000000000e+00 0.000000000000000000e+00
1.181181181181181117e+01 0.000000000000000000e+00 0.000000000000000000e+00
1.183183183183183118e+01 0.000000000000000000e+00 0.000000000000000000e+00
1.185185185185185119e+01 0.000000000000000000e+00 0.000000000000000000e+00
1.187187187187187121e+01 0.000000000000000000e+00 0.000000000000000000e+00
1.189189189189189122e+01 0.000000000000000000e+00 0.000000000000000000e+00
1.191191191191191123e+01 0.000000000000000000e+00 0.000000000000000000e+00
1.193193193193193125e+01 0.000000000000000000e+00 0.000000000000000000e+00
1.195195195195195126e+01 0.000000000000000000e+00 0.000000000000000000e+00
1.197197197197197127e+01 0.000000000000000000e+00 0.000000000000000000e+00
1.199199199199199128e+01 0.000000000000000000e+00 0.000000000000000000e+00
1.201201201201201130e+01 0.000000000000000000e+00 0.000000000000000000e+00
1.203203203203203131e+01 0.000000000000000000e+00 0.000000000000000000e+00
1.205205205205205132e+01 0.000000000000000000e+00 0.000000000000000000e+00
1.207207207207207134e+01 0.000000000000000000e+00 0.000000000000000000e+00
1.209209209209209135e+01 0.000000000000000000e+00 0.000000000000000000e+00
1.211211211211211136e+01 0.000000000000000000e+00 0.000000000000000000e+00
1.213213213213213137e+01 0.000000000000000000e+00 0.000000000000000000e+00
1.215215215215215139e+01 0.000000000000000000e+00 0.000000000000000000e+00
1.217217217217217140e+01 0.000000000000000000e+00 0.000000000000000000e+00
1.219219219219219141e+01 0.000000000000000000e+00 0.000000000000000000e+00
1.221221221221221143e+01 0.000000000000000000e+00 0.000000000000000000e+00
1.223223223223223144e+01 0.000000000000000000e+00 0.000000000000000000e+00
1.225225225225225145e+01 0.000000000000000000e+00 0.000000000000000000e+00
1.227227227227227146e+01 0.000000000000000000e+00 0.000000000000000000e+00
1.229229229229229148e+01 0.000000000000000000e+00 0.000000000000000000e+00
1.231231231231231149e+01 0.000000000000000000e+00 0.000000000000000000e+00
1.233233233233233150e+01 0.000000000000000000e+00 0.000000000000000000e+00
1.235235235235235152e+01 0.000000000000000000e+00 0.000000000000000000e+00
1.237237237237237153e+01 0.000000000000000000e+00 0.000000000000000000e+00
1.239239239239239154e+01 0.000000000000000000e+00 0.000000000000000000e+00
1.241241241241241156e+01 0.000000000000000000e+00 0.000000000000000000e+00
1.243243243243243157e+01 0.000000000000000000e+00 0.000000000000000000e+00
1.245245245245245158e+01 0.000000000000000000e+00 0.000000000000000000e+00
1.247247247247247159e+01 0.000000000000000000e+00 0.000000000000000000e+00
1.249249249249249161e+01 0.000000000000000000e+00 0.000000000000000000e+00
1.251251251251251162e+01 0.000000000000000000e+00 0.000000000000000000e+00
1.253253253253253163e+01 0.000000000000000000e+00 0.000000000000000000e+00
1.255255255255255165e+01 0.000000000000000000e+00 0.000000000000000000e+00
1.257257257257257166e+01 0.000000000000000000e+00 0.000000000000000000e+00
1.259259259259259167e+01 0.000000000000000000e+00 0.000000000000000000e+00
1.261261261261261168e+01 0.000000000000000000e+00 0.000000000000000000e+00
1.263263263263263170e+01 0.000000000000000000e+00 0.000000000000000000e+00
1.265265265265265171e+01 0.000000000000000000e+00 0.000000000000000000e+00
1.267267267267267172e+01 0.000000000000000000e+00 0.000000000000000000e+00
1.269269269269269174e+01 0.000000000000000000e+00 0.000000000000000000e+00
1.271271271271271175e+01 0.000000000000000000e+00 0.000000000000000000e+00
1.273273273273273176e+01 0.000000000000000000e+00 0.000000000000000000e+00
1.275275275275275177e+01 0.000000000000000000e+00 0.000000000000000000e+00
1.277277277277277179e+01 0.000000000000000000e+00 0.000000000000000000e+00
1.279279279279279180e+01 0.000000000000000000e+00 0.000000000000000000e+00
1.281281281281281181e+01 0.000000000000000000e+00 0.000000000000000000e+00
1.283283283283283360e+01 0.000000000000000000e+00 0.000000000000000000e+00
1.285285285285285362e+01 0.000000000000000000e+00 0.000000000000000000e+00
1.287287287287287363e+01 0.000000000000000000e+00 0.000000000000000000e+00
1.289289289289289364e+01 0.000000000000000000e+00 0.000000000000000000e+00
1.291291291291291365e+01 0.000000000000000000e+00 0.000000000000000000e+00
1.293293293293293367e+01 0.000000000000000000e+00 0.000000000000000000e+00
1.295295295295295368e+01 0.000000000000000000e+00 0.000000000000000000e+00
1.297297297297297369e+01 0.000000000000000000e+00 0.000000000000000000e+00
1.299299299299299371e+01 0.000000000000000000e+00 0.000000000000000000e+00
1.301301301301301372e+01 0.000000000000000000e+00 0.000000000000000000e+00
1.303303303303303373e+01 0.000000000000000000e+00 0.000000000000000000e+00
1.305305305305305374e+01 0.000000000000000000e+00 0.000000000000000000e+00
1.307307307307307376e+01 0.000000000000000000e+00 0.000000000000000000e+00
1.309309309309309377e+01 0.000000000000000000e+00 0.000000000000000000e+00
1.311311311311311378e+01 0.000000000000000000e+00 0.000000000000000000e+00
1.313313313313313380e+01 0.000000000000000000e+00 0.000000000000000000e+00
1.315315315315315381e+01 0.000000000000000000e+00 0.000000000000000000e+00
1.317317317317317382e+01 0.000000000000000000e+00 0.000000000000000000e+00
1.319319319319319384e+01 0.000000000000000000e+00 0.000000000000000000e+00
1.321321321321321385e+01 0.000000000000000000e+00 0.000000000000000000e+00
1.323323323323323386e+01 0.000000000000000000e+00 0.000000000000000000e+00
1.325325325325325387e+01 0.000000000000000000e+00 0.000000000000000000e+00
1.327327327327327389e+01 0.000000000000000000e+00 0.000000000000000000e+00
1.329329329329329390e+01 0.000000000000000000e+00 0.000000000000000000e+00
1.331331331331331391e+01 0.000000000000000000e+00 0.000000000000000000e+00
1.333333333333333393e+01 0.000000000000000000e+00 0.000000000000000000e+00
1.335335335335335394e+01 0.000000000000000000e+00 0.000000000000000000e+00
1.337337337337337395e+01 0.000000000000000000e+00 0.000000000000000000e+00
1.339339339339339396e+01 0.000000000000000000e+00 0.000000000000000000e+00
1.341341341341341398e+01 0.000000000000000000e+00 0.000000000000000000e+00
1.343343343343343399e+01 0.000000000000000000e+00 0.000000000000000000e+00
1.345345345345345400e+01 0.000000000000000000e+00 0.000000000000000000e+00
1.347347347347347402e+01 0.000000000000000000e+00 0.000000000000000000e+00
1.349349349349349403e+01 0.000000000000000000e+00 0.000000000000000000e+00
1.351351351351351404e+01 0.000000000000000000e+00 0.000000000000000000e+00
1.353353353353353405e+01 0.000000000000000000e+00 0.000000000000000000e+00
1.355355355355355407e+01 0.000000000000000000e+00 0.000000000000000000e+00
1.357357357357357408e+01 0.000000000000000000e+00 0.000000000000000000e+00
1.359359359359359409e+01 0.000000000000000000e+00 0.000000000000000000e+00
1.361361361361361411e+01 0.000000000000000000e+00 0.000000000000000000e+00
1.363363363363363412e+01 0.000000000000000000e+00 0.000000000000000000e+00
1.365365365365365413e+01 0.000000000000000000e+00 0.000000000000000000e+00
1.367367367367367414e+01 0.000000000000000000e+00 0.000000000000000000e+00
1.369369369369369416e+01 0.000000000000000000e+00 0.000000000000000000e+00
1.371371371371371417e+01 0.000000000000000000e+00 0.000000000000000000e+00
1.373373373373373418e+01 0.000000000000000000e+00 0.000000000000000000e+00
1.375375375375375420e+01 0.000000000000000000e+00 0.000000000000000000e+00
1.377377377377377421e+01 0.000000000000000000e+00 0.000000000000000000e+00
1.379379379379379422e+01 0.000000000000000000e+00 0.000000000000000000e+00
1.381381381381381424e+01 0.000000000000000000e+00 0.000000000000000000e+00
1.383383383383383425e+01 0.000000000000000000e+00 0.000000000000000000e+00
1.385385385385385426e+01 0.000000000000000000e+00 0.000000000000000000e+00
1.387387387387387427e+01 0.000000000000000000e+00 0.000000000000000000e+00
1.389389389389389429e+01 0.000000000000000000e+00 0.000000000000000000e+00
1.391391391391391430e+01 0.000000000000000000e+00 0.000000000000000000e+00
1.393393393393393431e+01 0.000000000000000000e+00 0.000000000000000000e+00
1.395395395395395433e+01 0.000000000000000000e+00 0.000000000000000000e+00
1.397397397397397434e+01 0.000000000000000000e+00 0.000000000000000000e+00
1.399399399399399435e+01 0.000000000000000000e+00 0.000000000000000000e+00
1.401401401401401436e+01 0.000000000000000000e+00 0.000000000000000000e+00
1.403403403403403438e+01 0.000000000000000000e+00 0.000000000000000000e+00
1.405405405405405439e+01 0.000000000000000000e+00 0.000000000000000000e+00
1.407407407407407440e+01 0.000000000000000000e+00 0.000000000000000000e+00
1.409409409409409442e+01 0.000000000000000000e+00 0.000000000000000000e+00
1.411411411411411443e+01 0.000000000000000000e+00 0.000000000000000000e+00
1.413413413413413444e+01 0.000000000000000000e+00 0.000000000000000000e+00
1.415415415415415445e+01 0.000000000000000000e+00 0.000000000000000000e+00
1.417417417417417447e+01 0.000000000000000000e+00 0.000000000000000000e+00
1.419419419419419448e+01 0.000000000000000000e+00 0.000000000000000000e+00
1.421421421421421449e+01 0.000000000000000000e+00 0.000000000000000000e+00
1.423423423423423451e+01 0.000000000000000000e+00 0.000000000000000000e+00
1.425425425425425452e+01 0.000000000000000000e+00 0.000000000000000000e+00
1.427427427427427453e+01 0.000000000000000000e+00 0.000000000000000000e+00
1.429429429429429455e+01 0.000000000000000000e+00 0.000000000000000000e+00
1.431431431431431456e+01 0.000000000000000000e+00 0.000000000000000000e+00
1.433433433433433457e+01 0.000000000000000000e+00 0.000000000000000000e+00
1.435435435435435458e+01 0.000000000000000000e+00 0.000000000000000000e+00
1.437437437437437460e+01 0.000000000000000000e+00 0.000000000000000000e+00
1.439439439439439461e+01 0.000000000000000000e+00 0.000000000000000000e+00
1.441441441441441462e+01 0.000000000000000000e+00 0.000000000000000000e+00
1.443443443443443464e+01 0.000000000000000000e+00 0.000000000000000000e+00
1.445445445445445465e+01 0.000000000000000000e+00 0.000000000000000000e+00
1.447447447447447466e+01 0.000000000000000000e+00 0.000000000000000000e+00
1.449449449449449467e+01 0.000000000000000000e+00 0.000000000000000000e+00
1.451451451451451469e+01 0.000000000000000000e+00 0.000000000000000000e+00
1.453453453453453470e+01 0.000000000000000000e+00 0.000000000000000000e+00
1.455455455455455471e+01 0.000000000000000000e+00 0.000000000000000000e+00
1.457457457457457473e+01 0.000000000000000000e+00 0.000000000000000000e+00
1.459459459459459474e+01 0.000000000000000000e+00 0.000000000000000000e+00
1.461461461461461475e+01 0.000000000000000000e+00 0.000000000000000000e+00
1.463463463463463476e+01 0.000000000000000000e+00 0.000000000000000000e+00
1.465465465465465478e+01 0.000000000000000000e+00 0.000000000000000000e+00
1.467467467467467479e+01 0.000000000000000000e+00 0.000000000000000000e+00
1.469469469469469480e+01 0.000000000000000000e+00 0.000000000000000000e+00
1.471471471471471482e+01 0.000000000000000000e+00 0.000000000000000000e+00
1.473473473473473483e+01 0.000000000000000000e+00 0.000000000000000000e+00
1.475475475475475484e+01 0.000000000000000000e+00 0.000000000000000000e+00
1.477477477477477485e+01 0.000000000000000000e+00 0.000000000000000000e+00
1.479479479479479487e+01 0.000000000000000000e+00 0.000000000000000000e+00
1.481481481481481488e+01 0.000000000000000000e+00 0.000000000000000000e+00
1.483483483483483489e+01 0.000000000000000000e+00 0.000000000000000000e+00
1.485485485485485491e+01 0.000000000000000000e+00 0.000000000000000000e+00
1.487487487487487492e+01 0.000000000000000000e+00 0.000000000000000000e+00
1.489489489489489493e+01 0.000000000000000000e+00 0.000000000000000000e+00
1.491491491491491495e+01 0.000000000000000000e+00 0.000000000000000000e+00
1.493493493493493496e+01 0.000000000000000000e+00 0.000000000000000000e+00
1.495495495495495497e+01 0.000000000000000000e+00 0.000000000000000000e+00
1.497497497497497498e+01 0.000000000000000000e+00 0.000000000000000000e+00
1.499499499499499500e+01 0.000000000000000000e+00 0.000000000000000000e+00
1.501501501501501501e+01 0.000000000000000000e+00 0.000000000000000000e+00
1.503503503503503502e+01 0.000000000000000000e+00 0.000000000000000000e+00
1.505505505505505504e+01 0.000000000000000000e+00 0.000000000000000000e+00
1.507507507507507505e+01 0.000000000000000000e+00 0.000000000000000000e+00
1.509509509509509506e+01 0.000000000000000000e+00 0.000000000000000000e+00
1.511511511511511507e+01 0.000000000000000000e+00 0.000000000000000000e+00
1.513513513513513509e+01 0.000000000000000000e+00 0.000000000000000000e+00
1.515515515515515510e+01 0.000000000000000000e+00 0.000000000000000000e+00
1.517517517517517511e+01 0.000000000000000000e+00 0.000000000000000000e+00
1.519519519519519513e+01 0.000000000000000000e+00 0.000000000000000000e+00
1.521521521521521514e+01 0.000000000000000000e+00 0.000000000000000000e+00
1.523523523523523515e+01 0.000000000000000000e+00 0.000000000000000000e+00
1.525525525525525516e+01 0.000000000000000000e+00 0.000000000000000000e+00
1.527527527527527518e+01 0.000000000000000000e+00 0.000000000000000000e+00
1.529529529529529519e+01 0.000000000000000000e+00 0.000000000000000000e+00
1.531531531531531520e+01 0.000000000000000000e+00 0.000000000000000000e+00
1.533533533533533522e+01 0.000000000000000000e+00 0.000000000000000000e+00
1.535535535535535523e+01 0.000000000000000000e+00 0.000000000000000000e+00
1.537537537537537524e+01 0.000000000000000000e+00 0.000000000000000000e+00
1.539539539539539525e+01 0.000000000000000000e+00 0.000000000000000000e+00
1.541541541541541527e+01 0.000000000000000000e+00 0.000000000000000000e+00
1.543543543543543528e+01 0.000000000000000000e+00 0.000000000000000000e+00
1.545545545545545529e+01 0.000000000000000000e+00 0.000000000000000000e+00
1.547547547547547531e+01 0.000000000000000000e+00 0.000000000000000000e+00
1.549549549549549532e+01 0.000000000000000000e+00 0.000000000000000000e+00
1.551551551551551533e+01 0.000000000000000000e+00 0.000000000000000000e+00
1.553553553553553535e+01 0.000000000000000000e+00 0.000000000000000000e+00
1.555555555555555536e+01 0.000000000000000000e+00 0.000000000000000000e+00
1.557557557557557537e+01 0.000000000000000000e+00 0.000000000000000000e+00
1.559559559559559538e+01 0.000000000000000000e+00 0.000000000000000000e+00
1.561561561561561540e+01 0.000000000000000000e+00 0.000000000000000000e+00
1.563563563563563541e+01 0.000000000000000000e+00 0.000000000000000000e+00
1.565565565565565542e+01 0.000000000000000000e+00 0.000000000000000000e+00
1.567567567567567544e+01 0.000000000000000000e+00 0.000000000000000000e+00
1.569569569569569545e+01 0.000000000000000000e+00 0.000000000000000000e+00
1.571571571571571546e+01 0.000000000000000000e+00 0.000000000000000000e+00
1.573573573573573547e+01 0.000000000000000000e+00 0.000000000000000000e+00
1.575575575575575549e+01 0.000000000000000000e+00 0.000000000000000000e+00
1.577577577577577550e+01 0.000000000000000000e+00 0.000000000000000000e+00
1.579579579579579551e+01 0.000000000000000000e+00 0.000000000000000000e+00
1.581581581581581553e+01 0.000000000000000000e+00 0.000000000000000000e+00
1.583583583583583554e+01 0.000000000000000000e+00 0.000000000000000000e+00
1.585585585585585555e+01 0.000000000000000000e+00 0.000000000000000000e+00
1.587587587587587556e+01 0.000000000000000000e+00 0.000000000000000000e+00
1.589589589589589558e+01 0.000000000000000000e+00 0.000000000000000000e+00
1.591591591591591559e+01 0.000000000000000000e+00 0.000000000000000000e+00
1.593593593593593560e+01 0.000000000000000000e+00 0.000000000000000000e+00
1.595595595595595562e+01 0.000000000000000000e+00 0.000000000000000000e+00
1.597597597597597563e+01 0.000000000000000000e+00 0.000000000000000000e+00
1.599599599599599564e+01 0.000000000000000000e+00 0.000000000000000000e+00
1.601601601601601743e+01 0.000000000000000000e+00 0.000000000000000000e+00
1.603603603603603744e+01 0.000000000000000000e+00 0.000000000000000000e+00
1.605605605605605746e+01 0.000000000000000000e+00 0.000000000000000000e+00
1.607607607607607747e+01 0.000000000000000000e+00 0.000000000000000000e+00
1.609609609609609748e+01 0.000000000000000000e+00 0.000000000000000000e+00
1.611611611611611750e+01 0.000000000000000000e+00 0.000000000000000000e+00
1.613613613613613751e+01 0.000000000000000000e+00 0.000000000000000000e+00
1.615615615615615752e+01 0.000000000000000000e+00 0.000000000000000000e+00
1.617617617617617753e+01 0.000000000000000000e+00 0.000000000000000000e+00
1.619619619619619755e+01 0.000000000000000000e+00 0.000000000000000000e+00
1.621621621621621756e+01 0.000000000000000000e+00 0.000000000000000000e+00
1.623623623623623757e+01 0.000000000000000000e+00 0.000000000000000000e+00
1.625625625625625759e+01 0.000000000000000000e+00 0.000000000000000000e+00
1.627627627627627760e+01 0.000000000000000000e+00 0.000000000000000000e+00
1.629629629629629761e+01 0.000000000000000000e+00 0.000000000000000000e+00
1.631631631631631763e+01 0.000000000000000000e+00 0.000000000000000000e+00
1.633633633633633764e+01 0.000000000000000000e+00 0.000000000000000000e+00
1.635635635635635765e+01 0.000000000000000000e+00 0.000000000000000000e+00
1.637637637637637766e+01 0.000000000000000000e+00 0.000000000000000000e+00
1.639639639639639768e+01 0.000000000000000000e+00 0.000000000000000000e+00
1.641641641641641769e+01 0.000000000000000000e+00 0.000000000000000000e+00
1.643643643643643770e+01 0.000000000000000000e+00 0.000000000000000000e+00
1.645645645645645772e+01 0.000000000000000000e+00 0.000000000000000000e+00
1.647647647647647773e+01 0.000000000000000000e+00 0.000000000000000000e+00
1.649649649649649774e+01 0.000000000000000000e+00 0.000000000000000000e+00
1.651651651651651775e+01 0.000000000000000000e+00 0.000000000000000000e+00
1.653653653653653777e+01 0.000000000000000000e+00 0.000000000000000000e+00
1.655655655655655778e+01 0.000000000000000000e+00 0.000000000000000000e+00
1.657657657657657779e+01 0.000000000000000000e+00 0.000000000000000000e+00
1.659659659659659781e+01 0.000000000000000000e+00 0.000000000000000000e+00
1.661661661661661782e+01 0.000000000000000000e+00 0.000000000000000000e+00
1.663663663663663783e+01 0.000000000000000000e+00 0.000000000000000000e+00
1.665665665665665784e+01 0.000000000000000000e+00 0.000000000000000000e+00
1.667667667667667786e+01 0.000000000000000000e+00 0.000000000000000000e+00
1.669669669669669787e+01 0.000000000000000000e+00 0.000000000000000000e+00
1.671671671671671788e+01 0.000000000000000000e+00 0.000000000000000000e+00
1.673673673673673790e+01 0.000000000000000000e+00 0.000000000000000000e+00
1.675675675675675791e+01 0.000000000000000000e+00 0.000000000000000000e+00
1.677677677677677792e+01 0.000000000000000000e+00 0.000000000000000000e+00
1.679679679679679793e+01 0.000000000000000000e+00 0.000000000000000000e+00
1.681681681681681795e+01 0.000000000000000000e+00 0.000000000000000000e+00
1.683683683683683796e+01 0.000000000000000000e+00 0.000000000000000000e+00
1.685685685685685797e+01 0.000000000000000000e+00 0.000000000000000000e+00
1.687687687687687799e+01 0.000000000000000000e+00 0.000000000000000000e+00
1.689689689689689800e+01 0.000000000000000000e+00 0.000000000000000000e+00
1.691691691691691801e+01 0.000000000000000000e+00 0.000000000000000000e+00
1.693693693693693803e+01 0.000000000000000000e+00 0.000000000000000000e+00
1.695695695695695804e+01 0.000000000000000000e+00 0.000000000000000000e+00
1.697697697697697805e+01 0.000000000000000000e+00 0.000000000000000000e+00
1.699699699699699806e+01 0.000000000000000000e+00 0.000000000000000000e+00
1.701701701701701808e+01 0.000000000000000000e+00 0.000000000000000000e+00
1.703703703703703809e+01 0.000000000000000000e+00 0.000000000000000000e+00
1.705705705705705810e+01 0.000000000000000000e+00 0.000000000000000000e+00
1.707707707707707812e+01 0.000000000000000000e+00 0.000000000000000000e+00
1.709709709709709813e+01 0.000000000000000000e+00 0.000000000000000000e+00
1.711711711711711814e+01 0.000000000000000000e+00 0.000000000000000000e+00
1.713713713713713815e+01 0.000000000000000000e+00 0.000000000000000000e+00
1.715715715715715817e+01 0.000000000000000000e+00 0.000000000000000000e+00
1.717717717717717818e+01 0.000000000000000000e+00 0.000000000000000000e+00
1.719719719719719819e+01 0.000000000000000000e+00 0.000000000000000000e+00
1.721721721721721821e+01 0.000000000000000000e+00 0.000000000000000000e+00
1.723723723723723822e+01 0.000000000000000000e+00 0.000000000000000000e+00
1.725725725725725823e+01 0.000000000000000000e+00 0.000000000000000000e+00
1.727727727727727824e+01 0.000000000000000000e+00 0.000000000000000000e+00
1.729729729729729826e+01 0.000000000000000000e+00 0.000000000000000000e+00
1.731731731731731827e+01 0.000000000000000000e+00 0.000000000000000000e+00
1.733733733733733828e+01 0.000000000000000000e+00 0.000000000000000000e+00
1.735735735735735830e+01 0.000000000000000000e+00 0.000000000000000000e+00
1.737737737737737831e+01 0.000000000000000000e+00 0.000000000000000000e+00
1.739739739739739832e+01 0.000000000000000000e+00 0.000000000000000000e+00
1.741741741741741833e+01 0.000000000000000000e+00 0.000000000000000000e+00
1.743743743743743835e+01 0.000000000000000000e+00 0.000000000000000000e+00
1.745745745745745836e+01 0.000000000000000000e+00 0.000000000000000000e+00
1.747747747747747837e+01 0.000000000000000000e+00 0.000000000000000000e+00
1.749749749749749839e+01 0.000000000000000000e+00 0.000000000000000000e+00
1.751751751751751840e+01 0.000000000000000000e+00 0.000000000000000000e+00
1.753753753753753841e+01 0.000000000000000000e+00 0.000000000000000000e+00
1.755755755755755843e+01 0.000000000000000000e+00 0.000000000000000000e+00
1.757757757757757844e+01 0.000000000000000000e+00 0.000000000000000000e+00
1.759759759759759845e+01 0.000000000000000000e+00 0.000000000000000000e+00
1.761761761761761846e+01 0.000000000000000000e+00 0.000000000000000000e+00
1.763763763763763848e+01 0.000000000000000000e+00 0.000000000000000000e+00
1.765765765765765849e+01 0.000000000000000000e+00 0.000000000000000000e+00
1.767767767767767850e+01 0.000000000000000000e+00 0.000000000000000000e+00
1.769769769769769852e+01 0.000000000000000000e+00 0.000000000000000000e+00
1.771771771771771853e+01 0.000000000000000000e+00 0.000000000000000000e+00
1.773773773773773854e+01 0.000000000000000000e+00 0.000000000000000000e+00
1.775775775775775855e+01 0.000000000000000000e+00 0.000000000000000000e+00
1.777777777777777857e+01 0.000000000000000000e+00 0.000000000000000000e+00
1.779779779779779858e+01 0.000000000000000000e+00 0.000000000000000000e+00
1.781781781781781859e+01 0.000000000000000000e+00 0.000000000000000000e+00
1.783783783783783861e+01 0.000000000000000000e+00 0.000000000000000000e+00
1.785785785785785862e+01 0.000000000000000000e+00 0.000000000000000000e+00
1.787787787787787863e+01 0.000000000000000000e+00 0.000000000000000000e+00
1.789789789789789864e+01 0.000000000000000000e+00 0.000000000000000000e+00
1.791791791791791866e+01 0.000000000000000000e+00 0.000000000000000000e+00
1.793793793793793867e+01 0.000000000000000000e+00 0.000000000000000000e+00
1.795795795795795868e+01 0.000000000000000000e+00 0.000000000000000000e+00
1.797797797797797870e+01 0.000000000000000000e+00 0.000000000000000000e+00
1.799799799799799871e+01 0.000000000000000000e+00 0.000000000000000000e+00
1.801801801801801872e+01 0.000000000000000000e+00 0.000000000000000000e+00
1.803803803803803874e+01 0.000000000000000000e+00 0.000000000000000000e+00
1.805805805805805875e+01 0.000000000000000000e+00 0.000000000000000000e+00
1.807807807807807876e+01 0.000000000000000000e+00 0.000000000000000000e+00
1.809809809809809877e+01 0.000000000000000000e+00 0.000000000000000000e+00
1.811811811811811879e+01 0.000000000000000000e+00 0.000000000000000000e+00
1.813813813813813880e+01 0.000000000000000000e+00 0.000000000000000000e+00
1.815815815815815881e+01 0.000000000000000000e+00 0.000000000000000000e+00
1.817817817817817883e+01 0.000000000000000000e+00 0.000000000000000000e+00
1.819819819819819884e+01 0.000000000000000000e+00 0.000000000000000000e+00
1.821821821821821885e+01 0.000000000000000000e+00 0.000000000000000000e+00
1.823823823823823886e+01 0.000000000000000000e+00 0.000000000000000000e+00
1.825825825825825888e+01 0.000000000000000000e+00 0.000000000000000000e+00
1.827827827827827889e+01 0.000000000000000000e+00 0.000000000000000000e+00
1.829829829829829890e+01 0.000000000000000000e+00 0.000000000000000000e+00
1.831831831831831892e+01 0.000000000000000000e+00 0.000000000000000000e+00
1.833833833833833893e+01 0.000000000000000000e+00 0.000000000000000000e+00
1.835835835835835894e+01 0.000000000000000000e+00 0.000000000000000000e+00
1.837837837837837895e+01 0.000000000000000000e+00 0.000000000000000000e+00
1.839839839839839897e+01 0.000000000000000000e+00 0.000000000000000000e+00
1.841841841841841898e+01 0.000000000000000000e+00 0.000000000000000000e+00
1.843843843843843899e+01 0.000000000000000000e+00 0.000000000000000000e+00
1.845845845845845901e+01 0.000000000000000000e+00 0.000000000000000000e+00
1.847847847847847902e+01 0.000000000000000000e+00 0.000000000000000000e+00
1.849849849849849903e+01 0.000000000000000000e+00 0.000000000000000000e+00
1.851851851851851904e+01 0.000000000000000000e+00 0.000000000000000000e+00
1.853853853853853906e+01 0.000000000000000000e+00 0.000000000000000000e+00
1.855855855855855907e+01 0.000000000000000000e+00 0.000000000000000000e+00
1.857857857857857908e+01 0.000000000000000000e+00 0.000000000000000000e+00
1.859859859859859910e+01 0.000000000000000000e+00 0.000000000000000000e+00
1.861861861861861911e+01 0.000000000000000000e+00 0.000000000000000000e+00
1.863863863863863912e+01 0.000000000000000000e+00 0.000000000000000000e+00
1.865865865865865914e+01 0.000000000000000000e+00 0.000000000000000000e+00
1.867867867867867915e+01 0.000000000000000000e+00 0.000000000000000000e+00
1.869869869869869916e+01 0.000000000000000000e+00 0.000000000000000000e+00
1.871871871871871917e+01 0.000000000000000000e+00 0.000000000000000000e+00
1.873873873873873919e+01 0.000000000000000000e+00 0.000000000000000000e+00
1.875875875875875920e+01 0.000000000000000000e+00 0.000000000000000000e+00
1.877877877877877921e+01 0.000000000000000000e+00 0.000000000000000000e+00
1.879879879879879923e+01 0.000000000000000000e+00 0.000000000000000000e+00
1.881881881881881924e+01 0.000000000000000000e+00 0.000000000000000000e+00
1.883883883883883925e+01 0.000000000000000000e+00 0.000000000000000000e+00
1.885885885885885926e+01 0.000000000000000000e+00 0.000000000000000000e+00
1.887887887887887928e+01 0.000000000000000000e+00 0.000000000000000000e+00
1.889889889889889929e+01 0.000000000000000000e+00 0.000000000000000000e+00
1.891891891891891930e+01 0.000000000000000000e+00 0.000000000000000000e+00
1.893893893893893932e+01 0.000000000000000000e+00 0.000000000000000000e+00
1.895895895895895933e+01 0.000000000000000000e+00 0.000000000000000000e+00
1.897897897897897934e+01 0.000000000000000000e+00 0.000000000000000000e+00
1.899899899899899935e+01 0.000000000000000000e+00 0.000000000000000000e+00
1.901901901901901937e+01 0.000000000000000000e+00 0.000000000000000000e+00
1.903903903903903938e+01 0.000000000000000000e+00 0.000000000000000000e+00
1.905905905905905939e+01 0.000000000000000000e+00 0.000000000000000000e+00
1.907907907907907941e+01 0.000000000000000000e+00 0.000000000000000000e+00
1.909909909909909942e+01 0.000000000000000000e+00 0.000000000000000000e+00
1.911911911911911943e+01 0.000000000000000000e+00 0.000000000000000000e+00
1.913913913913913944e+01 0.000000000000000000e+00 0.000000000000000000e+00
1.915915915915915946e+01 0.000000000000000000e+00 0.000000000000000000e+00
1.917917917917917947e+01 0.000000000000000000e+00 0.000000000000000000e+00
1.919919919919919948e+01 0.000000000000000000e+00 0.000000000000000000e+00
1.921921921921921950e+01 0.000000000000000000e+00 0.000000000000000000e+00
1.923923923923923951e+01 0.000000000000000000e+00 0.000000000000000000e+00
1.925925925925925952e+01 0.000000000000000000e+00 0.000000000000000000e+00
1.927927927927927954e+01 0.000000000000000000e+00 0.000000000000000000e+00
1.929929929929929955e+01 0.000000000000000000e+00 0.000000000000000000e+00
1.931931931931931956e+01 0.000000000000000000e+00 0.000000000000000000e+00
1.933933933933933957e+01 0.000000000000000000e+00 0.000000000000000000e+00
1.935935935935935959e+01 0.000000000000000000e+00 0.000000000000000000e+00
1.937937937937937960e+01 0.000000000000000000e+00 0.000000000000000000e+00
1.939939939939939961e+01 0.000000000000000000e+00 0.000000000000000000e+00
1.941941941941941963e+01 0.000000000000000000e+00 0.000000000000000000e+00
1.943943943943943964e+01 0.000000000000000000e+00 0.000000000000000000e+00
1.945945945945945965e+01 0.000000000000000000e+00 0.000000000000000000e+00
1.947947947947947966e+01 0.000000000000000000e+00 0.000000000000000000e+00
1.949949949949949968e+01 0.000000000000000000e+00 0.000000000000000000e+00
1.951951951951951969e+01 0.000000000000000000e+00 0.000000000000000000e+00
1.953953953953953970e+01 0.000000000000000000e+00 0.000000000000000000e+00
1.955955955955955972e+01 0.000000000000000000e+00 0.000000000000000000e+00
1.957957957957957973e+01 0.000000000000000000e+00 0.000000000000000000e+00
1.959959959959959974e+01 0.000000000000000000e+00 0.000000000000000000e+00
1.961961961961961975e+01 0.000000000000000000e+00 0.000000000000000000e+00
1.963963963963963977e+01 0.000000000000000000e+00 0.000000000000000000e+00
1.965965965965965978e+01 0.000000000000000000e+00 0.000000000000000000e+00
1.967967967967967979e+01 0.000000000000000000e+00 0.000000000000000000e+00
1.969969969969969981e+01 0.000000000000000000e+00 0.000000000000000000e+00
1.971971971971971982e+01 0.000000000000000000e+00 0.000000000000000000e+00
1.973973973973973983e+01 0.000000000000000000e+00 0.000000000000000000e+00
1.975975975975975985e+01 0.000000000000000000e+00 0.000000000000000000e+00
1.977977977977977986e+01 0.000000000000000000e+00 0.000000000000000000e+00
1.979979979979979987e+01 0.000000000000000000e+00 0.000000000000000000e+00
1.981981981981981988e+01 0.000000000000000000e+00 0.000000000000000000e+00
1.983983983983983990e+01 0.000000000000000000e+00 0.000000000000000000e+00
1.985985985985985991e+01 0.000000000000000000e+00 0.000000000000000000e+00
1.987987987987987992e+01 0.000000000000000000e+00 0.000000000000000000e+00
1.989989989989989994e+01 0.000000000000000000e+00 0.000000000000000000e+00
1.991991991991991995e+01 0.000000000000000000e+00 0.000000000000000000e+00
1.993993993993993996e+01 0.000000000000000000e+00 0.000000000000000000e+00
1.995995995995995997e+01 0.000000000000000000e+00 0.000000000000000000e+00
1.997997997997997999e+01 0.000000000000000000e+00 0.000000000000000000e+00
2.000000000000000000e+01 0.000000000000000000e+00 0.000000000000000000e+00
