0.00000e+00 -1.45151e-03
1.00000e-09 -2.15204e-03
2.00000e-09 -2.29299e-03
3.00000e-09 -2.39146e-03
4.00000e-09 -2.75660e-03
5.00000e-09 -2.43124e-03
6.00000e-09 -1.69130e-03
7.00000e-09 -1.63342e-03
8.00000e-09 -8.31451e-04
9.00000e-09 -6.17081e-04
1.00000e-08 1.31598e-04
1.10000e-08 2.48137e-05
1.20000e-08 8.80731e-04
1.30000e-08 1.00682e-03
1.40000e-08 1.62396e-03
1.50000e-08 1.69865e-03
1.60000e-08 2.67469e-03
1.70000e-08 3.16858e-03
1.80000e-08 3.80646e-03
1.90000e-08 4.00626e-03
2.00000e-08 4.77107e-03
2.10000e-08 4.86143e-03
2.20000e-08 5.99127e-03
2.30000e-08 7.51428e-03
2.40000e-08 1.12638e-02
2.50000e-08 1.66981e-02
2.60000e-08 2.63314e-02
2.70000e-08 3.77991e-02
2.80000e-08 5.51199e-02
2.90000e-08 7.34115e-02
3.00000e-08 9.60833e-02
3.10000e-08 1.16428e-01
3.20000e-08 1.37395e-01
3.30000e-08 1.52825e-01
3.40000e-08 1.63244e-01
3.50000e-08 1.69927e-01
3.60000e-08 1.62366e-01
3.70000e-08 1.52587e-01
3.80000e-08 1.35005e-01
3.90000e-08 1.16201e-01
4.00000e-08 9.25697e-02
4.10000e-08 7.19204e-02
4.20000e-08 5.01769e-02
4.30000e-08 3.29481e-02
4.40000e-08 1.75846e-02
4.50000e-08 6.83898e-03
4.60000e-08 -1.17662e-03
4.70000e-08 -6.50155e-03
4.80000e-08 -1.01319e-02
4.90000e-08 -1.25668e-02
5.00000e-08 -1.43369e-02
5.10000e-08 -1.68334e-02
5.20000e-08 -1.91911e-02
5.30000e-08 -2.20437e-02
5.40000e-08 -2.53391e-02
5.50000e-08 -2.87269e-02
5.60000e-08 -3.16282e-02
5.70000e-08 -3.44387e-02
5.80000e-08 -3.62438e-02
5.90000e-08 -3.82360e-02
6.00000e-08 -3.86404e-02
6.10000e-08 -3.91928e-02
6.20000e-08 -3.81734e-02
6.30000e-08 -3.77545e-02
6.40000e-08 -3.59582e-02
6.50000e-08 -3.49340e-02
6.60000e-08 -3.32787e-02
6.70000e-08 -3.20622e-02
6.80000e-08 -3.07070e-02
6.90000e-08 -2.96478e-02
7.00000e-08 -2.77814e-02
7.10000e-08 -2.66816e-02
7.20000e-08 -2.48259e-02
7.30000e-08 -2.35323e-02
7.40000e-08 -2.18073e-02
7.50000e-08 -2.07001e-02
7.60000e-08 -1.92970e-02
7.70000e-08 -1.82397e-02
7.80000e-08 -1.67919e-02
7.90000e-08 -1.58223e-02
8.00000e-08 -1.46329e-02
8.10000e-08 -1.33885e-02
8.20000e-08 -1.21532e-02
8.30000e-08 -1.05456e-02
8.40000e-08 -4.99853e-03
8.50000e-08 -4.27490e-04
8.60000e-08 7.74333e-06
8.70000e-08 1.42119e-06
8.80000e-08 0.00000e+00
8.90000e-08 0.00000e+00
9.00000e-08 0.00000e+00
9.10000e-08 0.00000e+00
9.20000e-08 0.00000e+00
9.30000e-08 0.00000e+00
9.40000e-08 0.00000e+00
9.50000e-08 0.00000e+00
