0.000000000000000000e+00 9.801229433414835183e-25 2.687506038441214218e-09
2.002002002002001985e-02 8.904586173590523617e-24 8.795935678612485083e-09
4.004004004004003969e-02 7.736901801406109722e-23 2.753181227157212443e-08
6.006006006006005954e-02 6.428957967398283013e-22 8.241527517269958103e-08
8.008008008008007939e-02 5.108980510977968909e-21 2.359395708674429562e-07
1.001001001001000923e-01 3.882827203517543803e-20 6.459724798195086640e-07
1.201201201201201191e-01 2.822162646773235484e-19 1.691404207212731192e-06
1.401401401401401459e-01 1.961716175523915699e-18 4.235463625185916973e-06
1.601601601601601588e-01 1.304098708686456228e-17 1.014319246289353390e-05
1.801801801801801717e-01 8.290961809358375741e-17 2.323103380180641445e-05
2.002002002002001846e-01 5.041032791215371651e-16 5.088415527443677081e-05
2.202202202202202252e-01 2.931259639940023589e-15 1.065900743689956158e-04
2.402402402402402382e-01 1.630081100612293298e-14 2.135360118290020350e-04
2.602602602602602788e-01 8.669305233107339874e-14 4.091152411960105812e-04
2.802802802802802917e-01 4.409400367828375479e-13 7.496186216082882442e-04
3.003003003003003046e-01 2.144840155828697150e-12 1.313576163692835655e-03
3.203203203203203175e-01 9.977701058365839744e-12 2.201356356305663592e-03
3.403403403403403304e-01 4.439010802652491537e-11 3.528138867052438635e-03
3.603603603603603434e-01 1.888696058264120981e-10 5.407807931196613460e-03
3.803803803803803563e-01 7.685251847414028552e-10 7.927152133450592400e-03
4.004004004004003692e-01 2.990709925708058624e-09 1.111305896425086870e-02
4.204204204204204376e-01 1.113039656738916877e-08 1.489946991671234691e-02
4.404404404404404505e-01 3.961568249610002395e-08 1.910422278682648300e-02
4.604604604604604634e-01 1.348477810645268017e-07 2.342667035737087608e-02
4.804804804804804763e-01 4.389758461892368980e-07 2.747371231361958252e-02
5.005005005005005447e-01 1.366650935219249372e-06 3.081462205309959748e-02
5.205205205205205576e-01 4.069066046756509269e-06 3.305574499446100462e-02
5.405405405405405705e-01 1.158649379533941668e-05 3.391827803271030284e-02
5.605605605605605835e-01 3.155218834402454545e-05 3.329958675238658267e-02
5.805805805805805964e-01 8.217261276030966811e-05 3.130301598266244101e-02
6.006006006006006093e-01 2.046656053623402860e-04 2.823229730510146834e-02
6.206206206206206222e-01 4.875091717951461536e-04 2.456112678310724828e-02
6.406406406406406351e-01 1.110557054395261596e-03 2.090146971529477371e-02
6.606606606606606480e-01 2.419463738719319825e-03 1.800109131053733574e-02
6.806806806806806609e-01 5.041009525009334559e-03 1.679862840120929096e-02
7.007007007007006738e-01 1.004467932524696211e-02 1.855176933767815547e-02
7.207207207207206867e-01 1.914144822575614135e-02 2.503055615294645306e-02
7.407407407407406996e-01 3.488459357528659460e-02 3.873450812021757284e-02
7.607607607607607125e-01 6.080127690908032623e-02 6.305312886095303104e-02
7.807807807807807254e-01 1.013472317692490077e-01 1.022540539986249719e-01
8.008008008008007383e-01 1.615590308737263336e-01 1.611687900193851664e-01
8.208208208208208623e-01 2.463035922966002877e-01 2.444747456904727556e-01
8.408408408408408752e-01 3.591124076732886139e-01 3.555616105515350123e-01
8.608608608608608881e-01 5.007376344850632544e-01 4.951184909903542097e-01
8.808808808808809010e-01 6.677443378430297782e-01 6.597519781761579383e-01
9.009009009009009139e-01 8.515896075561854017e-01 8.410783247481210534e-01
9.209209209209209268e-01 1.038653406063752449e+00 1.025745987177879348e+00
9.409409409409409397e-01 1.211521440816190287e+00 1.196683291752399958e+00
9.609609609609609526e-01 1.351486516753259481e+00 1.335539291443273768e+00
9.809809809809809655e-01 1.441824789480441016e+00 1.425884917303522625e+00
1.001001001001001089e+00 1.471070264730055754e+00 1.456415801322802350e+00
1.021021021021021102e+00 1.435405162754933572e+00 1.423294468458983664e+00
1.041041041041041115e+00 1.339478505394927632e+00 1.330959367004646232e+00
1.061061061061061128e+00 1.195410735808609237e+00 1.191162896773161339e+00
1.081081081081081141e+00 1.020278447974254377e+00 1.020524136857502429e+00
1.101101101101101154e+00 8.327994542720468241e-01 8.372982182368395865e-01
1.121121121121121167e+00 6.501032079488907600e-01 6.582255499325119219e-01
1.141141141141141180e+00 4.853380541278370375e-01 4.961942410318318508e-01
1.161161161161161193e+00 3.465185905273339140e-01 3.591096786123045281e-01
1.181181181181181206e+00 2.366077120907630338e-01 2.499667087931331799e-01
1.201201201201201219e+00 1.545081622907044094e-01 1.678080642532948641e-01
1.221221221221221231e+00 9.649263788143927489e-02 1.091105305670498071e-01
1.241241241241241244e+00 5.763115742061154789e-02 6.916925455626302122e-02
1.261261261261261257e+00 3.291862568656890586e-02 4.319115635843034928e-02
1.281281281281281270e+00 1.798251911450562610e-02 2.698082650164836463e-02
1.301301301301301283e+00 9.395026486105993030e-03 1.724284785951902058e-02
1.321321321321321296e+00 4.695117091877806965e-03 1.160330516575825213e-02
1.341341341341341309e+00 2.245823582698018399e-03 8.472300681359686003e-03
1.361361361361361322e+00 1.031254992592839414e-03 6.848864322058939060e-03
1.381381381381381335e+00 4.608000788469513538e-04 6.133458724106851355e-03
1.401401401401401348e+00 2.126511176040729719e-04 5.978889145639203206e-03
1.421421421421421361e+00 1.238837086794537497e-04 6.186293735889609492e-03
1.441441441441441373e+00 1.210580755393577199e-04 6.640123655870235238e-03
1.461461461461461386e+00 1.808447322827493769e-04 7.271832950410106293e-03
1.481481481481481399e+00 3.107375501489824171e-04 8.042662834943276745e-03
1.501501501501501412e+00 5.424475629853128204e-04 8.938433482205033684e-03
1.521521521521521425e+00 9.332414216712983743e-04 9.971866480727724358e-03
1.541541541541541438e+00 1.572494849062216387e-03 1.118988260132479373e-02
1.561561561561561451e+00 2.591888433116626422e-03 1.268439158811197377e-02
1.581581581581581464e+00 4.178070566775072929e-03 1.460542143822080204e-02
1.601601601601601477e+00 6.586418389138716176e-03 1.717520452222101590e-02
1.621621621621621712e+00 1.015391768124229363e-02 2.070122820830709240e-02
1.641641641641641725e+00 1.530834215019539167e-02 2.558545175995258908e-02
1.661661661661661737e+00 2.257006353631394596e-02 3.232610108268159366e-02
1.681681681681681750e+00 3.254224311092916710e-02 4.150793729776103974e-02
1.701701701701701763e+00 4.588516189000762385e-02 5.377695088342491353e-02
1.721721721721721776e+00 6.327135430314775877e-02 6.979634973446731394e-02
1.741741741741741789e+00 8.532024064662063756e-02 9.018269067839607134e-02
1.761761761761761802e+00 1.125141366155229528e-01 1.154240709994955733e-01
1.781781781781781815e+00 1.451015966147221059e-01 1.457862004483199136e-01
1.801801801801801828e+00 1.829984323815985192e-01 1.812163525019319377e-01
1.821821821821821841e+00 2.257005548508908832e-01 2.212588044438210388e-01
1.841841841841841854e+00 2.722249727564799993e-01 2.649974292904235806e-01
1.861861861861861867e+00 3.210948783118559580e-01 3.110406811797959414e-01
1.881881881881881879e+00 3.703811473093875928e-01 3.575607424775347765e-01
1.901901901901901892e+00 4.178057821107930003e-01 4.023920843176564954e-01
1.921921921921921905e+00 4.609035979440935238e-01 4.431858672174986968e-01
1.941941941941941918e+00 4.972282897270481894e-01 4.776069012327169294e-01
1.961961961961961931e+00 5.245798931459604297e-01 5.035511789767497248e-01
1.981981981981981944e+00 5.412246023306250819e-01 5.193562262680576636e-01
2.002002002002002179e+00 5.460765146754883448e-01 5.239751955760838520e-01
2.022022022022022192e+00 5.388148392136896669e-01 5.170894197632585065e-01
2.042042042042042205e+00 5.199189864658800841e-01 4.991426239791404984e-01
2.062062062062062218e+00 4.906162055774879183e-01 4.712916828482355269e-01
2.082082082082082231e+00 4.527497174776443090e-01 4.352814842770843518e-01
2.102102102102102243e+00 4.085870357295083855e-01 3.932626647001578046e-01
2.122122122122122256e+00 3.605961567345346563e-01 3.475786036207409446e-01
2.142142142142142269e+00 3.112201929425182922e-01 3.005508260142791821e-01
2.162162162162162282e+00 2.626786099213609393e-01 2.542896631175292077e-01
2.182182182182182295e+00 2.168164145197443438e-01 2.105505278720686824e-01
2.202202202202202308e+00 1.750131429903299674e-01 1.706471074662201104e-01
2.222222222222222321e+00 1.381533753037608725e-01 1.354231267539529326e-01
2.242242242242242334e+00 1.066516630126383980e-01 1.052759119508268754e-01
2.262262262262262347e+00 8.051856462740769604e-02 8.021908195114271778e-02
2.282282282282282360e+00 5.945154494789394589e-02 5.996889648523234112e-02
2.302302302302302373e+00 4.293467751559278123e-02 4.403896643214569306e-02
2.322322322322322385e+00 3.033368698713807127e-02 3.183050912513431252e-02
2.342342342342342398e+00 2.097687572265001868e-02 2.270915199694654996e-02
2.362362362362362411e+00 1.421686868752590656e-02 1.606347168776464315e-02
2.382382382382382424e+00 9.472048397101671263e-03 1.134420729130922179e-02
2.402402402402402437e+00 6.249513081651406066e-03 8.085906412275106758e-03
2.422422422422422450e+00 4.153180335832189554e-03 5.914464481312106843e-03
2.442442442442442463e+00 2.881348210410973523e-03 4.544671313631061353e-03
2.462462462462462476e+00 2.217859652219539204e-03 3.771716918809384957e-03
2.482482482482482489e+00 2.020305666391641539e-03 3.459928197287000674e-03
2.502502502502502502e+00 2.207743943991857197e-03 3.531092222601770348e-03
2.522522522522522515e+00 2.749434283469449555e-03 3.953790964399527680e-03
2.542542542542542527e+00 3.655248163350835293e-03 4.734367839126969041e-03
2.562562562562562540e+00 4.967768692626015579e-03 5.909536257913231526e-03
2.582582582582582553e+00 6.755673169257648929e-03 7.540237668722551273e-03
2.602602602602602566e+00 9.107764076072258699e-03 9.706142395133270789e-03
2.622622622622622579e+00 1.212695202758826661e-02 1.250012842240056168e-02
2.642642642642642592e+00 1.592356152600529762e-02 1.602213788504644465e-02
2.662662662662662605e+00 2.060749785017433264e-02 2.037196983751553628e-02
2.682682682682682618e+00 2.627905637630347999e-02 2.564079728412383893e-02
2.702702702702702631e+00 3.301845109267045192e-02 3.190147451148913488e-02
2.722722722722722644e+00 4.087446133916613350e-02 3.919800335840108174e-02
2.742742742742742657e+00 4.985291340215800004e-02 4.753482479495788754e-02
2.762762762762762669e+00 5.990598862473580505e-02 5.686685979661646601e-02
2.782782782782782682e+00 7.092354026442176940e-02 6.709140205634009368e-02
2.802802802802802695e+00 8.272766689485368252e-02 7.804302690411721311e-02
2.822822822822822708e+00 9.507169878906090998e-02 8.949259625497756054e-02
2.842842842842842721e+00 1.076444899555522861e-01 1.011511941245111512e-01
2.862862862862862734e+00 1.200804797804386759e-01 1.126794282161687061e-01
2.882882882882882747e+00 1.319754284089559304e-01 1.237020118377555877e-01
2.902902902902902760e+00 1.429070983644741277e-01 1.338269521585762345e-01
2.922922922922922773e+00 1.524595302236341765e-01 1.426680889229968718e-01
2.942942942942942786e+00 1.602490301826676733e-01 1.498692338904406285e-01
2.962962962962962798e+00 1.659496351767412448e-01 1.551278328730248679e-01
2.982982982982982811e+00 1.693157110052694314e-01 1.582159690405570418e-01
3.003003003003002824e+00 1.701995035457147531e-01 1.589966787933154990e-01
3.023023023023022837e+00 1.685618964936454189e-01 1.574339543089666449e-01
3.043043043043042850e+00 1.644752847929978057e-01 1.535954167315697894e-01
3.063063063063062863e+00 1.581182702374037963e-01 1.476473857178187410e-01
3.083083083083082876e+00 1.497627215060141348e-01 1.398428487113721752e-01
3.103103103103102889e+00 1.397545059023849456e-01 1.305035452000872509e-01
3.123123123123122902e+00 1.284897963027718804e-01 1.199979361097310709e-01
3.143143143143142915e+00 1.163892128209838978e-01 1.087171598667983768e-01
3.163163163163162928e+00 1.038721398774671290e-01 9.705115231745048421e-02
3.183183183183182940e+00 9.133337173090814998e-02 8.536693319673802072e-02
3.203203203203202953e+00 7.912382636615170051e-02 7.399067746488487141e-02
3.223223223223223410e+00 6.753650012422017512e-02 6.319466181420206607e-02
3.243243243243243423e+00 5.679819947222782689e-02 5.318958490851821014e-02
3.263263263263263436e+00 4.706696794092301434e-02 4.412218457498558177e-02
3.283283283283283449e+00 3.843459889065248963e-02 3.607758452364686480e-02
3.303303303303303462e+00 3.093323973446809178e-02 2.908544499651445625e-02
3.323323323323323475e+00 2.454487527906949046e-02 2.312878905921012668e-02
3.343343343343343488e+00 1.921242544056164098e-02 1.815432764675711103e-02
3.363363363363363501e+00 1.485128251830526019e-02 1.408319033432562165e-02
3.383383383383383514e+00 1.136030767472253830e-02 1.082114994803256604e-02
3.403403403403403527e+00 8.631561096090768423e-03 8.267666442915641567e-03
3.423423423423423539e+00 6.558312545885043934e-03 6.323328975072411290e-03
3.443443443443443552e+00 5.041132816413835226e-03 4.895511411701014386e-03
3.463463463463463565e+00 3.992076722906751605e-03 3.902252185522273042e-03
3.483483483483483578e+00 3.337121318662570040e-03 3.274511886314375540e-03
3.503503503503503591e+00 3.017116344996908454e-03 2.957048868386505380e-03
3.523523523523523604e+00 2.987543507309892502e-03 2.908189958605358980e-03
3.543543543543543617e+00 3.217378466106286718e-03 3.098770745564137161e-03
3.563563563563563630e+00 3.687318421321758924e-03 3.510490908702001457e-03
3.583583583583583643e+00 4.387592711787130159e-03 4.133887498087636392e-03
3.603603603603603656e+00 5.315525801503444975e-03 4.966084026892121292e-03
3.623623623623623669e+00 6.472980105483786342e-03 6.008433811745580999e-03
3.643643643643643681e+00 7.863775512054426570e-03 7.264147035728981718e-03
3.663663663663663694e+00 9.491164997948681875e-03 8.735974226188434819e-03
3.683683683683683707e+00 1.135544037122214640e-02 1.042401330841179891e-02
3.703703703703703720e+00 1.345174577181837416e-02 1.232371024064979684e-02
3.723723723723723733e+00 1.576818467930466566e-02 1.442413038964324330e-02
3.743743743743743746e+00 1.828431390801909043e-02 1.670658475584433159e-02
3.763763763763763759e+00 2.097012074897308676e-02 1.914369762006260661e-02
3.783783783783783772e+00 2.378557325933468650e-02 2.169899667725537842e-02
3.803803803803803785e+00 2.668081628412609027e-02 2.432709101745551480e-02
3.823823823823823798e+00 2.959705639419480186e-02 2.697447572504772795e-02
3.843843843843843811e+00 3.246813864660918342e-02 2.958096538695258529e-02
3.863863863863863823e+00 3.522276979296011523e-02 3.208171503173082306e-02
3.883883883883883836e+00 3.778729064026207368e-02 3.440973992626493450e-02
3.903903903903903849e+00 4.008885008103198200e-02 3.649880011682247322e-02
3.923923923923923862e+00 4.205879060158309452e-02 3.828647684208535962e-02
3.943943943943943875e+00 4.363602524969042995e-02 3.971724087624056015e-02
3.963963963963963888e+00 4.477017342125925309e-02 4.074530141529946609e-02
3.983983983983983901e+00 4.542423004036791334e-02 4.133703069214575421e-02
4.004004004004004358e+00 4.557657025913376680e-02 4.147278455310951517e-02
4.024024024024024371e+00 4.522213789728910666e-02 4.114798112086235499e-02
4.044044044044044384e+00 4.437272651480672625e-02 4.037335480655908360e-02
4.064064064064064397e+00 4.305633156164707931e-02 3.917436613690131880e-02
4.084084084084084409e+00 4.131562369646783056e-02 3.758981296811276379e-02
4.104104104104104422e+00 3.920566006689533978e-02 3.566974926768844145e-02
4.124124124124124435e+00 3.679100563921772898e-02 3.347286788722809991e-02
4.144144144144144448e+00 3.414247544741805251e-02 3.106353898425735782e-02
4.164164164164164461e+00 3.133372771835121057e-02 2.850871308635294712e-02
4.184184184184184474e+00 2.843793627444642785e-02 2.587489636687294661e-02
4.204204204204204487e+00 2.552474971509779630e-02 2.322538669787906074e-02
4.224224224224224500e+00 2.265770789786221082e-02 2.061792543023845126e-02
4.244244244244244513e+00 1.989223790335225422e-02 1.810287591594774217e-02
4.264264264264264526e+00 1.727429749637356127e-02 1.572199055338141180e-02
4.284284284284284539e+00 1.483967971018492621e-02 1.350777871015370647e-02
4.304304304304304551e+00 1.261394264631703066e-02 1.148344286449687682e-02
4.324324324324324564e+00 1.061288789516518991e-02 9.663313336157225084e-03
4.344344344344344577e+00 8.843481743904490350e-03 8.053685415724246358e-03
4.364364364364364590e+00 7.305096641302097869e-03 6.653947540023911339e-03
4.384384384384384603e+00 5.990945905148318401e-03 5.457885101348806077e-03
4.404404404404404616e+00 4.889590884939532325e-03 4.455050153444665290e-03
4.424424424424424629e+00 3.986414407245083766e-03 3.632100574933704029e-03
4.444444444444444642e+00 3.264974586363344079e-03 2.974030672702249276e-03
4.464464464464464655e+00 2.708176185886959544e-03 2.465236214128784138e-03
4.484484484484484668e+00 2.299220146523111609e-03 2.090378174916479245e-03
4.504504504504504681e+00 2.022313625473894875e-03 1.835029235417318409e-03
4.524524524524524693e+00 1.863141509496652783e-03 1.686103966862870359e-03
4.544544544544544706e+00 1.809115085885789828e-03 1.632087008701789237e-03
4.564564564564564719e+00 1.849424170185901516e-03 1.663083155626208197e-03
4.584584584584584732e+00 1.974925732818485786e-03 1.770719363268167092e-03
4.604604604604604745e+00 2.177905476757897429e-03 1.947931735265737152e-03
4.624624624624624758e+00 2.451749583984541309e-03 2.188671200226159543e-03
4.644644644644644771e+00 2.790562678296277990e-03 2.487560472575387881e-03
4.664664664664664784e+00 3.188765574840805254e-03 2.839532592038577097e-03
4.684684684684684797e+00 3.640703090281417233e-03 3.239478300730497858e-03
4.704704704704704810e+00 4.140288396433587995e-03 3.681926044506879381e-03
4.724724724724724823e+00 4.680706286626727317e-03 4.160774637343335990e-03
4.744744744744744835e+00 5.254193342748568127e-03 4.669094657550837933e-03
4.764764764764764848e+00 5.851908328683303080e-03 5.199010442837528369e-03
4.784784784784784861e+00 6.463901164478294027e-03 5.741670092360648577e-03
4.804804804804804874e+00 7.079183559712346092e-03 6.287306170398785678e-03
4.824824824824824887e+00 7.685898877073711437e-03 6.825384900249750059e-03
4.844844844844844900e+00 8.271583217790475645e-03 7.344836677291089952e-03
4.864864864864864913e+00 8.823504315809123019e-03 7.834355932809820150e-03
4.884884884884884926e+00 9.329059913113243660e-03 8.282754022837757538e-03
4.904904904904904939e+00 9.776213216770525752e-03 8.679345209569743272e-03
4.924924924924924952e+00 1.015394015657612378e-02 9.014343253720925528e-03
4.944944944944944965e+00 1.045266176731492191e-02 9.279244906675377866e-03
4.964964964964964977e+00 1.066463531514418028e-02 9.467176861326054640e-03
4.984984984984984990e+00 1.078427984949479820e-02 9.573184557226221969e-03
5.005005005005005003e+00 1.080841561847801016e-02 9.594444575235431052e-03
5.025025025025025016e+00 1.073640201369025632e-02 9.530387000998070957e-03
5.045045045045045029e+00 1.057016504827744917e-02 9.382719764826625078e-03
5.065065065065065042e+00 1.031411235109266911e-02 9.155353161749188451e-03
5.085085085085085055e+00 9.974940745919575955e-03 8.854229046027896691e-03
5.105105105105105068e+00 9.561348130376796928e-03 8.487065093506756391e-03
5.125125125125125081e+00 9.083667065693374482e-03 8.063029581525804276e-03
5.145145145145145094e+00 8.553441815234713239e-03 7.592365976528419984e-03
5.165165165165165106e+00 7.982973232258950766e-03 7.085988982918007932e-03
5.185185185185185119e+00 7.384856753096441517e-03 6.555074466560944536e-03
5.205205205205205132e+00 6.771537817685233107e-03 6.010664837673970751e-03
5.225225225225225145e+00 6.154906483288880188e-03 5.463309209938057784e-03
5.245245245245245158e+00 5.545949115007308035e-03 4.922754208038142808e-03
5.265265265265265171e+00 4.954470216450692320e-03 4.397697018863637106e-03
5.285285285285285184e+00 4.388892143813764857e-03 3.895607561138825659e-03
5.305305305305305197e+00 3.856135070555478678e-03 3.422621878284276727e-03
5.325325325325325210e+00 3.361574546711356293e-03 2.983504402546851425e-03
5.345345345345345223e+00 2.909069666253899511e-03 2.581672896288890462e-03
5.365365365365365236e+00 2.501051464980121909e-03 2.219276868009944798e-03
5.385385385385385248e+00 2.138658862807783431e-03 1.897318212690527568e-03
5.405405405405405261e+00 1.821908276129824639e-03 1.615801772027519864e-03
5.425425425425425274e+00 1.549882901462198330e-03 1.373903399768335075e-03
5.445445445445445287e+00 1.320928477804658328e-03 1.170143832299393692e-03
5.465465465465465300e+00 1.132843884773994218e-03 1.002558038715798761e-03
5.485485485485485313e+00 9.830570100594665690e-04 8.688515654856362016e-04
5.505505505505505326e+00 8.687787003421494625e-04 7.665375008043798146e-04
5.525525525525525339e+00 7.871300855208380586e-04 6.930498773544909764e-04
5.545545545545545352e+00 7.352409566408748751e-04 6.458314495516277254e-04
5.565565565565565365e+00 7.103190411967984143e-04 6.223956964878455669e-04
5.585585585585585378e+00 7.096918553681335609e-04 6.203645260605254209e-04
5.605605605605605390e+00 7.308242623004101600e-04 6.374844371869528830e-04
5.625625625625625403e+00 7.713159064753417936e-04 6.716248161295002494e-04
5.645645645645645416e+00 8.288833341140537918e-04 7.207626069277283526e-04
5.665665665665665429e+00 9.013318781207049551e-04 7.829578315143653159e-04
5.685685685685685442e+00 9.865223274902910552e-04 8.563243818859784563e-04
5.705705705705705455e+00 1.082337067443689578e-03 9.390002112444876701e-04
5.725725725725725468e+00 1.186649822649813195e-03 1.029120562217343765e-03
5.745745745745745481e+00 1.297302415892649706e-03 1.124797236252116474e-03
5.765765765765765494e+00 1.412091119971821624e-03 1.224106174738836660e-03
5.785785785785785507e+00 1.528764279691677535e-03 1.325084831884941168e-03
5.805805805805805520e+00 1.645031958410516455e-03 1.425740011303165645e-03
5.825825825825825532e+00 1.758587461750429600e-03 1.524066049340379574e-03
5.845845845845845545e+00 1.867139748942581862e-03 1.618072492491098814e-03
5.865865865865865558e+00 1.968454996230099840e-03 1.705819765256581105e-03
5.885885885885885571e+00 2.060404959475820030e-03 1.785460786742088359e-03
5.905905905905905584e+00 2.141019322463284021e-03 1.855286093066029320e-03
5.925925925925925597e+00 2.208538934689342759e-03 1.913769776572986532e-03
5.945945945945945610e+00 2.261466750848133839e-03 1.959613473052599069e-03
5.965965965965965623e+00 2.298613387025740581e-03 1.991785717350501739e-03
5.985985985985985636e+00 2.319134498309436288e-03 2.009554239198838455e-03
6.006006006006005649e+00 2.322557640287784865e-03 2.012509168381579512e-03
6.026026026026025662e+00 2.308796873338902610e-03 2.000575635868087447e-03
6.046046046046045674e+00 2.278154065099174865e-03 1.974014861795727292e-03
6.066066066066065687e+00 2.231306597783235413e-03 1.933413472864906014e-03
6.086086086086085700e+00 2.169281944214396674e-03 1.879661448449976291e-03
6.106106106106105713e+00 2.093420290630996616e-03 1.813919714149911941e-03
6.126126126126125726e+00 2.005327010310684055e-03 1.737578944395215931e-03
6.146146146146145739e+00 1.906817291601478528e-03 1.652211568998206625e-03
6.166166166166165752e+00 1.799855568726515262e-03 1.559519277636864766e-03
6.186186186186185765e+00 1.686492577215062795e-03 1.461278466891547442e-03
6.206206206206205778e+00 1.568802854217006592e-03 1.359286073336888343e-03
6.226226226226225791e+00 1.448825336046776066e-03 1.255308090932323204e-03
6.246246246246245803e+00 1.328509391163387125e-03 1.151032798966098109e-03
6.266266266266265816e+00 1.209668195707437133e-03 1.048030353465225330e-03
6.286286286286285829e+00 1.093940846372143004e-03 9.477199512117857405e-04
6.306306306306305842e+00 9.827640507247220689e-04 8.513452950437638226e-04
6.326326326326325855e+00 8.773536770986126252e-04 7.599586057383686749e-04
6.346346346346345868e+00 7.786959208949527800e-04 6.744129707061536890e-04
6.366366366366365881e+00 6.875473821919184624e-04 5.953624194955473448e-04
6.386386386386385894e+00 6.044429743514509326e-04 5.232687909759239919e-04
6.406406406406405907e+00 5.297103099300326697e-04 4.584142201039300151e-04
6.426426426426426808e+00 4.634890451760744498e-04 4.009179290349475884e-04
6.446446446446446821e+00 4.057536061518171784e-04 3.507559566455852973e-04
6.466466466466466834e+00 3.563377594104499705e-04 3.077824947941944288e-04
6.486486486486486847e+00 3.149596139674317634e-04 2.717516065446613739e-04
6.506506506506506859e+00 2.812458309560921920e-04 2.423382654631618519e-04
6.526526526526526872e+00 2.547540527248604416e-04 2.191578585437270400e-04
6.546546546546546885e+00 2.349928237334196935e-04 2.017835205989089008e-04
6.566566566566566898e+00 2.214385420710297901e-04 1.897608983127755105e-04
6.586586586586586911e+00 2.135492356629334473e-04 1.826201628194404759e-04
6.606606606606606924e+00 2.107751872446466410e-04 1.798852885413821832e-04
6.626626626626626937e+00 2.125666264964380040e-04 1.810807840605845726e-04
6.646646646646646950e+00 2.183788595247109019e-04 1.857361921313388183e-04
6.666666666666666963e+00 2.276753118434578671e-04 1.933887677403479249e-04
6.686686686686686976e+00 2.399290209908534234e-04 2.035847952668822490e-04
6.706706706706706989e+00 2.546231314221774939e-04 2.158800204822576812e-04
6.726726726726727001e+00 2.712509219682694771e-04 2.298396543581252948e-04
6.746746746746747014e+00 2.893158410941167762e-04 2.450383587499008198e-04
6.766766766766767027e+00 3.083319445838131443e-04 2.610605551540134961e-04
6.786786786786787040e+00 3.278250317656226974e-04 2.775013134938271822e-04
6.806806806806807053e+00 3.473346676974032590e-04 2.939679849079682920e-04
6.826826826826827066e+00 3.664171672950433905e-04 3.100826471766934649e-04
6.846846846846847079e+00 3.846495100594445873e-04 3.254853395957006592e-04
6.866866866866867092e+00 4.016340568737347769e-04 3.398379809469109997e-04
6.886886886886887105e+00 4.170038583231804258e-04 3.528287940029233233e-04
6.906906906906907118e+00 4.304282810007707813e-04 3.641770060228906075e-04
6.926926926926927131e+00 4.416186369094599723e-04 3.736375591626757029e-04
6.946946946946947143e+00 4.503334826522184574e-04 3.810055487208800556e-04
6.966966966966967156e+00 4.563832595886254816e-04 3.861201106412811808e-04
6.986986986986987169e+00 4.596339722353429960e-04 3.888675015781141008e-04
7.007007007007007182e+00 4.600096474347630752e-04 3.891831530017975690e-04
7.027027027027027195e+00 4.574933777458727274e-04 3.870525323289544968e-04
7.047047047047047208e+00 4.521268248730281867e-04 3.825107052886353508e-04
7.067067067067067221e+00 4.440081379687357420e-04 3.756405606333719223e-04
7.087087087087087234e+00 4.332883223247592660e-04 3.665697266257056429e-04
7.107107107107107247e+00 4.201661713815826199e-04 3.554662743054485554e-04
7.127127127127127260e+00 4.048819446011370032e-04 3.425333615230563458e-04
7.147147147147147273e+00 3.877100316788504469e-04 3.280030208196273774e-04
7.167167167167167285e+00 3.689508868164166839e-04 3.121293309006318390e-04
7.187187187187187298e+00 3.489225433759580975e-04 2.951812340277803278e-04
7.207207207207207311e+00 3.279520283562769689e-04 2.774352694351906053e-04
7.227227227227227324e+00 3.063669880708989445e-04 2.591684861139067738e-04
7.247247247247247337e+00 2.844878125206416319e-04 2.406517781489728126e-04
7.267267267267267350e+00 2.626205085066387907e-04 2.221438541528573344e-04
7.287287287287287363e+00 2.410505234979090888e-04 2.038860117348060175e-04
7.307307307307307376e+00 2.200376670926129142e-04 1.860978412895924919e-04
7.327327327327327389e+00 1.998122182434061798e-04 1.689739337684707994e-04
7.347347347347347402e+00 1.805722478541977693e-04 1.526816175549398544e-04
7.367367367367367414e+00 1.624821312124227160e-04 1.373597029120090184e-04
7.387387387387387427e+00 1.456721758297712993e-04 1.231181710919556217e-04
7.407407407407407440e+00 1.302392498284374084e-04 1.100387109681590938e-04
7.427427427427427453e+00 1.162482655140904526e-04 9.817598021791894649e-05
7.447447447447447466e+00 1.037343529562322411e-04 8.755945127794558793e-05
7.467467467467467479e+00 9.270554926170393711e-05 7.819569452027839811e-05
7.487487487487487492e+00 8.314583013567411365e-05 7.007095181399251600e-05
7.507507507507507505e+00 7.501832009175913446e-05 6.315386184697373479e-05
7.527527527527527518e+00 6.826853470688253533e-05 5.739821293784100656e-05
7.547547547547547531e+00 6.282753076513996878e-05 5.274561800697047929e-05
7.567567567567567544e+00 5.861486603428058939e-05 4.912802823919232395e-05
7.587587587587587556e+00 5.554129782972854672e-05 4.647002512233557503e-05
7.607607607607607569e+00 5.351117664950293058e-05 4.469085347031712504e-05
7.627627627627627582e+00 5.242451645211971547e-05 4.370617942295670102e-05
7.647647647647647595e+00 5.217874534626599017e-05 4.342957620034955282e-05
7.667667667667667608e+00 5.267015865640571701e-05 4.377375581009817839e-05
7.687687687687687621e+00 5.379510996803829934e-05 4.465157649292859313e-05
7.707707707707707634e+00 5.545098462898876823e-05 4.597686326751440654e-05
7.727727727727727647e+00 5.753700439052245237e-05 4.766508258339286787e-05
7.747747747747747660e+00 5.995491178373198735e-05 4.963391212166896324e-05
7.767767767767767673e+00 6.260957902543368917e-05 5.180374368605547168e-05
7.787787787787787686e+00 6.540957947072195916e-05 5.409815152022242425e-05
7.807807807807807698e+00 6.826775070723949742e-05 5.644435096848326316e-05
7.827827827827827711e+00 7.110176818611565260e-05 5.877366389251993943e-05
7.847847847847847724e+00 7.383473765677729325e-05 6.102199837983257293e-05
7.867867867867867737e+00 7.639580440538492928e-05 6.313034168991296354e-05
7.887887887887887750e+00 7.872076807740533951e-05 6.504525765776536083e-05
7.907907907907907763e+00 8.075268425301094339e-05 6.671937337942183206e-05
7.927927927927927776e+00 8.244242835070200314e-05 6.811183528467263174e-05
7.947947947947947789e+00 8.374919411257472884e-05 6.918871187022654628e-05
7.967967967967967802e+00 8.464089796715305761e-05 6.992331950059002131e-05
7.987987987987987815e+00 8.509446191310900815e-05 7.029644873550944999e-05
8.008008008008008716e+00 8.509595102161788584e-05 7.029647144809656432e-05
8.028028028028028729e+00 8.464054690100439890e-05 6.991931329518785362e-05
8.048048048048048742e+00 8.373234509735267574e-05 6.916828155319837098e-05
8.068068068068068754e+00 8.238397194895388407e-05 6.805374454894993954e-05
8.088088088088088767e+00 8.061602436960303079e-05 6.659266547995314168e-05
8.108108108108108780e+00 7.845634390465325856e-05 6.480799991676709369e-05
8.128128128128128793e+00 7.593914371307417541e-05 6.272797232049801236e-05
8.148148148148148806e+00 7.310401346366465520e-05 6.038525214717303308e-05
8.168168168168168819e+00 6.999483215751444028e-05 5.781605426849599114e-05
8.188188188188188832e+00 6.665862235968838645e-05 5.505919131441733408e-05
8.208208208208208845e+00 6.314438110277767620e-05 5.215510702215441500e-05
8.228228228228228858e+00 5.950192278181826161e-05 4.914491973208570723e-05
8.248248248248248871e+00 5.578076776493070372e-05 4.606950386137024519e-05
8.268268268268268884e+00 5.202910735978078031e-05 4.296863464545579598e-05
8.288288288288288896e+00 4.829287144206880628e-05 3.988021786344128796e-05
8.308308308308308909e+00 4.461491976538646976e-05 3.683962190047458310e-05
8.328328328328328922e+00 4.103437206398575458e-05 3.387912462322555622e-05
8.348348348348348935e+00 3.758608587618171061e-05 3.102748243786677512e-05
8.368368368368368948e+00 3.430028489217917700e-05 2.830962384144403791e-05
8.388388388388388961e+00 3.120233487339430401e-05 2.574646502096747982e-05
8.408408408408408974e+00 2.831265906324528236e-05 2.335484081688547070e-05
8.428428428428428987e+00 2.564678071726626148e-05 2.114754081861053628e-05
8.448448448448449000e+00 2.321547706403919616e-05 1.913343761594530341e-05
8.468468468468469013e+00 2.102502674129921417e-05 1.731769235252871247e-05
8.488488488488489025e+00 1.907753154152256581e-05 1.570202172257092942e-05
8.508508508508509038e+00 1.737129309638061125e-05 1.428501037754690490e-05
8.528528528528529051e+00 1.590122582675920472e-05 1.306245328052739894e-05
8.548548548548549064e+00 1.465928894208299599e-05 1.202771374506221059e-05
8.568568568568569077e+00 1.363492231988268442e-05 1.117208458327268343e-05
8.588588588588589090e+00 1.281547355025096520e-05 1.048514181268478320e-05
8.608608608608609103e+00 1.218660610477185077e-05 9.955082580585636573e-06
8.628628628628629116e+00 1.173268130996555761e-05 9.569041213406745739e-06
8.648648648648649129e+00 1.143710941447961695e-05 9.313379457476396710e-06
8.668668668668669142e+00 1.128266740646571494e-05 9.173948938543176627e-06
8.688688688688689155e+00 1.125178326291297198e-05 9.136325548201643833e-06
8.708708708708709167e+00 1.132678792941001589e-05 9.186016810468076765e-06
8.728728728728729180e+00 1.149013750332911179e-05 9.308644263286555757e-06
8.748748748748749193e+00 1.172460882347951708e-05 9.490103505437128611e-06
8.768768768768769206e+00 1.201347198026575304e-05 9.716704829682975493e-06
8.788788788788789219e+00 1.234064320059194142e-05 9.975297327365643119e-06
8.808808808808809232e+00 1.269082119674157557e-05 1.025337906158978323e-05
8.828828828828829245e+00 1.304960947510131290e-05 1.053919542849281962e-05
8.848848848848849258e+00 1.340362636109504059e-05 1.082182722614916818e-05
8.868868868868869271e+00 1.374060369298036318e-05 1.109126929550399319e-05
8.888888888888889284e+00 1.404947434589359553e-05 1.133849995018230942e-05
8.908908908908909297e+00 1.432044803594636790e-05 1.155554082721448454e-05
8.928928928928929309e+00 1.454507427690217664e-05 1.173550631351804879e-05
8.948948948948949322e+00 1.471629095887808735e-05 1.187264136621760781e-05
8.968968968968969335e+00 1.482845681369246503e-05 1.196234636851310659e-05
8.988988988988989348e+00 1.487736603310887591e-05 1.200118765382559155e-05
9.009009009009009361e+00 1.486024350750615809e-05 1.198689248413643817e-05
9.029029029029029374e+00 1.477571953330185064e-05 1.191832756770212809e-05
9.049049049049049387e+00 1.462378336662130002e-05 1.179546062160114877e-05
9.069069069069069400e+00 1.440571563884186537e-05 1.161930499405196799e-05
9.089089089089089413e+00 1.412400035215235434e-05 1.139184792407691284e-05
9.109109109109109426e+00 1.378221789347478097e-05 1.111596359410343610e-05
9.129129129129129439e+00 1.338492119726264552e-05 1.079531268745447529e-05
9.149149149149149451e+00 1.293749780977638384e-05 1.043423066331477177e-05
9.169169169169169464e+00 1.244602112343955462e-05 1.003760737747109962e-05
9.189189189189189477e+00 1.191709443166052267e-05 9.610760985063708512e-06
9.209209209209209490e+00 1.135769168302215258e-05 9.159309246255220764e-06
9.229229229229229503e+00 1.077499887965906959e-05 8.689041409468211774e-06
9.249249249249249516e+00 1.017625996830851643e-05 8.205793769840765764e-06
9.269269269269269529e+00 9.568630823377477547e-06 7.715331800329575232e-06
9.289289289289289542e+00 8.959044536844944047e-06 7.223241443442511426e-06
9.309309309309309555e+00 8.354090733819581811e-06 6.734831752138187779e-06
9.329329329329329568e+00 7.759911053690757263e-06 6.255050602014521325e-06
9.349349349349349581e+00 7.182112306366557514e-06 5.788414688763981633e-06
9.369369369369369593e+00 6.625698163166373521e-06 5.338954500866285746e-06
9.389389389389389606e+00 6.095019603487729349e-06 4.910174442593701752e-06
9.409409409409409619e+00 5.593743739570146206e-06 4.505027799354583031e-06
9.429429429429429632e+00 5.124840106543816379e-06 4.125905805583267259e-06
9.449449449449449645e+00 4.690583052310017835e-06 3.774639710014799449e-06
9.469469469469469658e+00 4.292568504681044436e-06 3.452514444799880175e-06
9.489489489489489671e+00 3.931743138602273858e-06 3.160292299193940223e-06
9.509509509509509684e+00 3.608443815292871229e-06 2.898244876423066484e-06
9.529529529529529697e+00 3.322445113472368473e-06 2.666191570356898713e-06
9.549549549549549710e+00 3.073012811535111416e-06 2.463542829620922201e-06
9.569569569569569722e+00 2.858961295946917148e-06 2.289346570592369521e-06
9.589589589589589735e+00 2.678713050010187671e-06 2.142336245068998340e-06
9.609609609609609748e+00 2.530358601733470832e-06 2.020979249799402813e-06
9.629629629629629761e+00 2.411715562722848223e-06 1.923524569720496348e-06
9.649649649649649774e+00 2.320385655283415532e-06 1.848048761360006883e-06
9.669669669669669787e+00 2.253808887265293335e-06 1.792499595316956027e-06
9.689689689689689800e+00 2.209314280767284255e-06 1.754736876659518751e-06
9.709709709709709813e+00 2.184166781431225187e-06 1.732570141233723222e-06
9.729729729729729826e+00 2.175610162452383134e-06 1.723793078361022172e-06
9.749749749749749839e+00 2.180905887316264336e-06 1.726214652722481925e-06
9.769769769769769852e+00 2.197368006241624733e-06 1.737686989194863345e-06
9.789789789789789864e+00 2.222394234551341518e-06 1.756130144920310279e-06
9.809809809809809877e+00 2.253493400092243466e-06 1.779553925626721498e-06
9.829829829829829890e+00 2.288309456479520776e-06 1.806076912221029494e-06
9.849849849849849903e+00 2.324642245627617937e-06 1.833942853957285134e-06
9.869869869869869916e+00 2.360465163660125006e-06 1.861534561559020988e-06
9.889889889889889929e+00 2.393939845892698692e-06 1.887385403175113701e-06
9.909909909909909942e+00 2.423427945825981637e-06 1.910188473318582591e-06
9.929929929929929955e+00 2.447500045886887035e-06 1.928803474732571018e-06
9.949949949949949968e+00 2.464941708871542690e-06 1.942261329359583942e-06
9.969969969969969981e+00 2.474756662254613155e-06 1.949766520160891841e-06
9.989989989989989994e+00 2.476167104938111648e-06 1.950697162245196020e-06
1.001001001001001001e+01 2.468611138423470654e-06 1.944602810310685979e-06
1.003003003003003002e+01 2.451737351288135444e-06 1.931200029421517722e-06
1.005005005005005003e+01 2.425396625547493337e-06 1.910365786334469316e-06
1.007007007007007005e+01 2.389631283339617053e-06 1.882128756902870279e-06
1.009009009009009006e+01 2.344661749031359513e-06 1.846658688884411134e-06
1.011011011011011007e+01 2.290870961524039767e-06 1.804254005789355240e-06
1.013013013013013008e+01 2.228786830295760642e-06 1.755327883120693704e-06
1.015015015015015010e+01 2.159063082730318922e-06 1.700393070457528990e-06
1.017017017017017011e+01 2.082458896078519894e-06 1.640045768572590857e-06
1.019019019019019012e+01 1.999817742061263443e-06 1.574948897844846305e-06
1.021021021021021014e+01 1.912045893447927543e-06 1.505815110876023090e-06
1.023023023023023015e+01 1.820091048529323890e-06 1.433389907329270327e-06
1.025025025025025016e+01 1.724921520704901796e-06 1.358435202134404851e-06
1.027027027027027017e+01 1.627506416714548169e-06 1.281713679567333468e-06
1.029029029029029019e+01 1.528797189445846749e-06 1.203974236150092294e-06
1.031031031031031020e+01 1.429710901500790967e-06 1.125938776211068477e-06
1.033033033033033021e+01 1.331115476124542720e-06 1.048290577105687266e-06
1.035035035035035023e+01 1.233817145389615872e-06 9.716643886513132157e-07
1.037037037037037024e+01 1.138550234625346521e-06 8.966383755815302537e-07
1.039039039039039025e+01 1.045969349976420733e-06 8.237279551267071539e-07
1.041041041041041026e+01 9.566439655564964164e-07 7.533815264539262968e-07
1.043043043043043028e+01 8.710553405817126906e-07 6.859780367337749293e-07
1.045045045045045029e+01 7.895956374124053918e-07 6.218262818454044860e-07
1.047047047047047030e+01 7.125690604392711398e-07 5.611657996330072521e-07
1.049049049049049032e+01 6.401947945570017624e-07 5.041691812375650952e-07
1.051051051051051033e+01 5.726114913781703521e-07 4.509456019809910775e-07
1.053053053053053034e+01 5.098830316324959597e-07 4.015453577964531008e-07
1.055055055055055035e+01 4.520052831591642910e-07 3.559651861121640346e-07
1.057057057057057037e+01 3.989135748840480333e-07 3.141541508962351953e-07
1.059059059059059038e+01 3.504906171672371514e-07 2.760198794608950223e-07
1.061061061061061039e+01 3.065746166178785999e-07 2.414349525892138286e-07
1.063063063063063041e+01 2.669673574219788000e-07 2.102432684207926321e-07
1.065065065065065042e+01 2.314420498338667279e-07 1.822662230704351180e-07
1.067067067067067043e+01 1.997507781475364520e-07 1.573085758993252570e-07
1.069069069069069045e+01 1.716314136546477562e-07 1.351638935029055771e-07
1.071071071071071046e+01 1.468138913998868570e-07 1.156194927121479359e-07
1.073073073073073047e+01 1.250257817231062537e-07 9.846082825012269706e-08
1.075075075075075048e+01 1.059971176000422496e-07 8.347529433191901143e-08
1.077077077077077050e+01 8.946446585512422180e-08 7.045543080982160139e-08
1.079079079079079051e+01 7.517425384898583459e-08 5.920154299694394440e-08
1.081081081081081052e+01 6.288538289335464429e-08 4.952375977857422234e-08
1.083083083083083054e+01 5.237117527922919459e-08 4.124356693288569470e-08
1.085085085085085055e+01 4.342071346668346300e-08 3.419486176772543918e-08
1.087087087087087056e+01 3.583963787611265580e-08 2.822458139536787644e-08
1.089089089089089057e+01 2.945047416194435282e-08 2.319296046499944415e-08
1.091091091091091059e+01 2.409256224873817866e-08 1.897347527459555114e-08
1.093093093093093060e+01 1.962165822892853312e-08 1.545253025420728489e-08
1.095095095095095061e+01 1.590927694909930800e-08 1.252894023572173522e-08
1.097097097097097063e+01 1.284183823469001415e-08 1.011325808349171715e-08
1.099099099099099064e+01 1.031967368634945291e-08 8.126992522002330809e-09
1.101101101101101065e+01 8.255944251037732034e-09 6.501755696650819286e-09
1.103103103103103066e+01 6.575511703345535603e-09 5.178374437811379056e-09
1.105105105105105068e+01 5.213800085822039471e-09 4.105993617444187063e-09
1.107107107107107069e+01 4.115676309365369147e-09 3.241194594761042357e-09
1.109109109109109070e+01 3.234372703891358593e-09 2.547146698778023887e-09
1.111111111111111072e+01 2.530468476691120904e-09 1.992805102115695525e-09
1.113113113113113073e+01 1.970941870708558855e-09 1.552164372707368319e-09
1.115115115115115074e+01 1.528300362112013930e-09 1.203573483345717901e-09
1.117117117117117076e+01 1.179792503209653807e-09 9.291151189162465404e-10
1.119119119119119077e+01 9.067019803082932255e-10 7.140497298893415013e-10
1.121121121121121078e+01 6.937220714226444408e-10 5.463229026401790789e-10
1.123123123123123079e+01 5.284068950833779042e-10 4.161332046166231866e-10
1.125125125125125081e+01 4.006945686203599606e-10 3.155566599580328928e-10
1.127127127127127082e+01 3.024965676039671437e-10 2.382233601269814846e-10
1.129129129129129083e+01 2.273471228408219597e-10 1.790413555668239605e-10
1.131131131131131085e+01 1.701063357406665471e-10 1.339628518753937585e-10
1.133133133133133086e+01 1.267107707063823480e-10 9.978779528233138564e-11
1.135135135135135087e+01 9.396553509476449995e-11 7.400013059144407752e-11
1.137137137137137088e+01 6.937223167447776318e-11 5.463230958188371551e-11
1.139139139139139090e+01 5.098762184468977052e-11 4.015398487584140314e-11
1.141141141141141091e+01 3.730833453559454121e-11 2.938121541042207834e-11
1.143143143143143092e+01 2.717746745273831382e-11 2.140291265953887036e-11
1.145145145145145094e+01 1.970943260974083471e-11 1.552165467399601405e-11
1.147147147147147095e+01 1.422988124430231356e-11 1.120637550046989431e-11
1.149149149149149096e+01 1.022799354067170485e-11 8.054792184510572399e-12
1.151151151151151097e+01 7.318829506093818510e-12 5.763755175540279107e-12
1.153153153153153099e+01 5.213805565060691711e-12 4.105997931069978246e-12
1.155155155155155100e+01 3.697686162672848411e-12 2.912017248096686464e-12
1.157157157157157101e+01 2.610761987027537306e-12 2.056038182376000570e-12
1.159159159159159103e+01 1.835128707629137412e-12 1.445208223195955479e-12
1.161161161161161104e+01 1.284185592910002616e-12 1.011327200793967870e-12
1.163163163163163105e+01 8.946456885595560275e-13 7.045551086296183643e-13
1.165165165165165106e+01 6.204922609505298689e-13 4.886526564742114465e-13
1.167167167167167108e+01 4.284337555177202081e-13 3.374019402534405720e-13
1.169169169169169109e+01 2.945052276634404339e-13 2.319299867218674467e-13
1.171171171171171110e+01 2.015414373057380057e-13 1.587187543293585296e-13
1.173173173173173112e+01 1.373085909476492012e-13 1.081338349337537075e-13
1.175175175175175113e+01 9.313074675624769902e-14 7.334271459268558398e-14
1.177177177177177114e+01 6.288549386237340902e-14 4.952384673173152452e-14
1.179179179179179116e+01 4.227366313939418572e-14 3.329153172726923778e-14
1.181181181181181117e+01 2.829119581315438285e-14 2.228000066874523688e-14
1.183183183183183118e+01 1.884927899627553550e-14 1.484426290836093065e-14
1.185185185185185119e+01 1.250259595935285007e-14 9.846096579838199320e-15
1.187187187187187121e+01 8.255961635273605217e-15 6.501769383304166041e-15
1.189189189189189122e+01 5.427466500965827310e-15 4.274261083544766161e-15
1.191191191191191123e+01 3.552128374532064961e-15 2.797386970940443720e-15
1.193193193193193125e+01 2.314419980416189061e-15 1.822661687826349795e-15
1.195195195195195126e+01 1.501266185916269962e-15 1.182283415910849696e-15
1.197197197197197127e+01 9.694719576249135569e-16 7.634826045129398804e-16
1.199199199199199128e+01 6.232679800810232504e-16 4.908386023950220980e-16
1.201201201201201130e+01 3.989113527214868105e-16 3.141523343199318493e-16
1.203203203203203131e+01 2.541791905089919083e-16 2.001722575433973529e-16
1.205205205205205132e+01 1.612373323254709047e-16 1.269782972682916140e-16
1.207207207207207134e+01 1.018247217070739674e-16 8.018943005136414511e-17
1.209209209209209135e+01 6.401811396825954282e-17 5.041581244725725630e-17
1.211211211211211136e+01 4.006955640692976075e-17 3.155574438912961784e-17
1.213213213213213137e+01 2.496825606580233915e-17 1.966310528255643353e-17
1.215215215215215139e+01 1.548901857331377661e-17 1.219797658786762864e-17
1.217217217217217140e+01 9.565806844625393761e-18 7.533304152390901068e-18
1.219219219219219141e+01 5.881408294861224275e-18 4.631751220701074075e-18
1.221221221221221143e+01 3.600004702141531142e-18 2.835090736387497039e-18
1.223223223223223144e+01 2.193748425558684945e-18 1.727629921029356289e-18
1.225225225225225145e+01 1.330860673591054709e-18 1.048084955243507614e-18
1.227227227227227146e+01 8.037858892439817814e-19 6.330008200486539232e-19
1.229229229229229148e+01 4.832926376127407168e-19 3.806046361675817487e-19
1.231231231231231149e+01 2.892957120301605953e-19 2.278273672157799860e-19
1.233233233233233150e+01 1.723994316107159191e-19 1.357687203095200537e-19
1.235235235235235152e+01 1.022802259026631012e-19 8.054815061762678422e-20
1.237237237237237153e+01 6.041009842021274226e-20 4.757441297604973789e-20
1.239239239239239154e+01 3.552134680078445013e-20 2.797391936710655470e-20
1.241241241241241156e+01 2.079367827263741904e-20 1.637552434615088814e-20
1.243243243243243157e+01 1.211811953839130481e-20 9.543312103257037443e-21
1.245245245245245158e+01 7.030741980811890003e-21 5.536879284594565406e-21
1.247247247247247159e+01 4.060963666883802096e-21 3.198107065232338115e-21
1.249249249249249161e+01 2.335173015498468819e-21 1.839005204677504648e-21
1.251251251251251162e+01 1.336814165144024891e-21 1.052773473772649055e-21
1.253253253253253163e+01 7.618772927713358871e-22 5.999967871472744396e-22
1.255255255255255165e+01 4.322759131279433174e-22 3.404277322591945048e-22
1.257257257257257166e+01 2.441737986288420631e-22 1.922927695481550997e-22
1.259259259259259167e+01 1.373090296848717961e-22 1.081341804499208461e-22
1.261261261261261168e+01 7.687075604562086547e-23 6.053757880771649269e-23
1.263263263263263170e+01 4.284352765830517785e-23 3.374031381291435255e-23
1.265265265265265171e+01 2.377230581898224843e-23 1.872126554997969677e-23
1.267267267267267172e+01 1.313165337059904339e-23 1.034149449924061726e-23
1.269269269269269174e+01 7.221535124329710458e-24 5.687133497715966760e-24
1.271271271271271175e+01 3.953681324489651327e-24 3.113619626946860875e-24
1.273273273273273176e+01 2.154943115350760267e-24 1.697069801086266898e-24
1.275275275275275177e+01 1.169316223889779895e-24 9.208647956169232262e-25
1.277277277277277179e+01 6.316698615659648692e-25 4.974552871876872351e-25
1.279279279279279180e+01 3.397115811934166268e-25 2.675310830322189355e-25
1.281281281281281181e+01 1.818831910757402704e-25 1.432374101669036620e-25
1.283283283283283360e+01 9.694753995364964036e-26 7.634853151015221847e-26
1.285285285285285362e+01 5.144498409650405140e-26 4.051416870617929691e-26
1.287287287287287363e+01 2.717761218296940976e-26 2.140302663805780804e-26
1.289289289289289364e+01 1.429359829763196804e-26 1.125655422037483018e-26
1.291291291291291365e+01 7.484001468829926749e-27 5.893832089377083080e-27
1.293293293293293367e+01 3.901109774765818697e-27 3.072218260573392427e-27
1.295295295295295368e+01 2.024438063172286747e-27 1.594293917415098334e-27
1.297297297297297369e+01 1.045882347626971825e-27 8.236576339315744241e-28
1.299299299299299371e+01 5.379268072890456236e-28 4.236303656193720673e-28
1.301301301301301372e+01 2.754390793342599515e-28 2.169149339708170732e-28
1.303303303303303373e+01 1.404073828338487029e-28 1.105742084602998461e-28
1.305305305305305374e+01 7.125516437450717744e-29 5.611516460457990993e-29
1.307307307307307376e+01 3.600018761331305613e-29 2.835101808339338386e-29
1.309309309309309377e+01 1.810736256939706894e-29 1.425998578567664773e-29
1.311311311311311378e+01 9.067084165673610591e-30 7.140547985633269879e-30
1.313313313313313380e+01 4.520038274603401017e-30 3.559639417365746478e-30
1.315315315315315381e+01 2.243254736188375040e-30 1.766617337511191109e-30
1.317317317317317382e+01 1.108350419971576538e-30 8.728527511265101248e-31
1.319319319319319384e+01 5.451770970703568960e-31 4.293401441046315827e-31
1.321321321321321385e+01 2.669685675455513554e-31 2.102442011547340472e-31
1.323323323323323386e+01 1.301501507460370770e-31 1.024963902130535495e-31
1.325325325325325387e+01 6.316714313952485570e-32 4.974565234662001441e-32
1.327327327327327389e+01 3.052107396385533816e-32 2.403608362179356888e-32
1.329329329329329390e+01 1.468149910510990218e-32 1.156203548412532686e-32
1.331331331331331391e+01 7.030771934273845120e-33 5.536902873670007857e-33
1.333333333333333393e+01 3.351950786478704918e-33 2.639742280869652954e-33
1.335335335335335394e+01 1.590941727424065307e-33 1.252905072837586774e-33
1.337337337337337395e+01 7.517491185882135778e-34 5.920206051200653935e-34
1.339339339339339396e+01 3.536336619197084086e-34 2.784950581833816636e-34
1.341341341341341398e+01 1.656137094448386403e-34 1.304248000527676560e-34
1.343343343343343399e+01 7.721487752838488812e-35 6.080858279484902657e-35
1.345345345345345400e+01 3.583997557386154761e-35 2.822484722905074207e-35
1.347347347347347402e+01 1.656137682424994462e-35 1.304248463573470081e-35
1.349349349349349403e+01 7.618810796190193661e-36 5.999997693813757594e-36
1.351351351351351404e+01 3.489313205065726840e-36 2.747918506370743603e-36
1.353353353353353405e+01 1.590943421915808215e-36 1.252906407290800320e-36
1.355355355355355407e+01 7.221568454503258871e-37 5.687159746033424189e-37
1.357357357357357408e+01 3.263400270782505445e-37 2.570006608968088580e-37
1.359359359359359409e+01 1.468152516691482843e-37 1.156205600842677436e-37
1.361361361361361411e+01 6.575579281412803043e-38 5.178427654837569570e-38
1.363363363363363412e+01 2.931965655041573567e-38 2.308993836333014557e-38
1.365365365365365413e+01 1.301504741958843381e-38 1.024966449376279667e-38
1.367367367367367414e+01 5.751679086088515574e-39 4.529586332468678938e-39
1.369369369369369416e+01 2.530495412750346547e-39 1.992826314613384713e-39
1.371371371371371417e+01 1.108353961445044991e-39 8.728555401224850304e-40
1.373373373373373418e+01 4.832962408659933488e-40 3.806074738166301476e-40
1.375375375375375420e+01 2.098023615152368797e-40 1.652244318598349349e-40
1.377377377377377421e+01 9.067119575588029318e-41 7.140575871796941884e-41
1.379379379379379422e+01 3.901129164907486718e-41 3.072233530778730192e-41
1.381381381381381424e+01 1.670988005061085199e-41 1.315943451669708454e-41
1.383383383383383425e+01 7.125549324461451499e-42 5.611542359774018306e-42
1.385385385385385426e+01 3.025000040589039565e-42 2.382260664144161689e-42
1.387387387387387427e+01 1.278481460831232459e-42 1.006835058879121106e-42
1.389389389389389429e+01 5.379296719900561630e-43 4.236326216406746535e-43
1.391391391391391430e+01 2.253297744495586960e-43 1.774526449352156869e-43
1.393393393393393431e+01 9.396663597625268685e-44 7.400099756183502819e-44
1.395395395395395433e+01 3.901133319950459774e-44 3.072236802975523644e-44
1.397397397397397434e+01 1.612389351629511136e-44 1.269795595415573401e-44
1.399399399399399435e+01 6.634543808239914738e-45 5.224863645236018897e-45
1.401401401401401436e+01 2.717779551150120462e-45 2.140317101370873502e-45
1.403403403403403438e+01 1.108356322433623017e-45 8.728573994580693813e-46
1.405405405405405439e+01 4.499938673534589080e-46 3.543810495597567851e-46
1.407407407407407440e+01 1.818845471303270784e-46 1.432384780926746223e-46
1.409409409409409442e+01 7.318920450347999206e-47 5.763826796335906353e-47
1.411411411411411443e+01 2.931975023449184108e-47 2.309001214180497258e-47
1.413413413413413444e+01 1.169325772172696509e-47 9.208723151205585196e-48
1.415415415415415445e+01 4.642723212380462737e-48 3.656256771887288206e-48
1.417417417417417447e+01 1.835152162619183520e-48 1.445226694567407055e-48
1.419419419419419448e+01 7.221599220954235070e-49 5.687183975357375534e-49
1.421421421421421449e+01 2.829154736204584029e-49 2.228027752199612048e-49
1.423423423423423451e+01 1.103423008343491434e-49 8.689722953446492481e-50
1.425425425425425452e+01 4.284393834890631247e-50 3.374063724169157034e-50
1.427427427427427453e+01 1.656146502099419989e-50 1.304255409280303975e-50
1.429429429429429455e+01 6.373384699917400717e-51 5.019194533668489232e-51
1.431431431431431456e+01 2.441763126156138449e-51 1.922947493735158567e-51
1.433433433433433457e+01 9.313200320067461854e-52 7.334370407304620353e-52
1.435435435435435458e+01 3.536359218299389211e-52 2.784968379173236253e-52
1.437437437437437460e+01 1.336828878062125522e-52 1.052785060551351746e-52
1.439439439439439461e+01 5.031034313311751961e-53 3.962061151651524739e-53
1.441441441441441462e+01 1.884953998758436729e-53 1.484446844532626537e-53
1.443443443443443464e+01 7.030824353139746766e-54 5.536944154794178589e-54
1.445445445445445465e+01 2.610800916921621584e-54 2.056068840608273845e-54
1.447447447447447466e+01 9.651688134850084343e-55 7.600937744702652662e-55
1.449449449449449467e+01 3.552178819218011589e-55 2.797426697350169214e-55
1.451451451451451469e+01 1.301512597202950187e-55 1.024972635570921741e-55
1.453453453453453470e+01 4.747488783773298177e-56 3.738762192163956811e-56
1.455455455455455471e+01 1.724016962764143242e-56 1.357705037885079381e-56
1.457457457457457473e+01 6.232770525507800880e-57 4.908457471842907407e-57
1.459459459459459474e+01 2.243276239638049356e-57 1.766634271997675327e-57
1.461461461461461475e+01 8.037970186423342278e-58 6.330095847189200377e-58
1.463463463463463476e+01 2.867292782046599779e-58 2.258062385322813089e-58
1.465465465465465478e+01 1.018262400485519897e-58 8.019062578198539105e-59
1.467467467467467479e+01 3.600057104855731833e-59 2.835132004791814348e-59
1.469469469469469480e+01 1.267129750016645132e-59 9.978953121745011879e-60
1.471471471471471482e+01 4.440120955997827274e-60 3.496702596888592926e-60
1.473473473473473483e+01 1.548925503422952327e-60 1.219816280655544138e-60
1.475475475475475484e+01 5.379331096513911328e-61 4.236353288820846086e-61
1.477477477477477485e+01 1.859893329635288911e-61 1.464710961733239023e-61
1.479479479479479487e+01 6.401913674903229384e-62 5.041661791184247528e-62
1.481481481481481488e+01 2.193782694965457763e-62 1.727656909015684227e-62
1.483483483483483489e+01 7.484097122764360825e-63 5.893907419162973345e-63
1.485485485485485491e+01 2.541834318693125919e-63 2.001755977171886175e-63
1.487487487487487492e+01 8.594430008192009666e-64 6.768321409764080428e-64
1.489489489489489493e+01 2.893003339421862008e-64 2.278310070832391587e-64
1.491491491491491495e+01 9.694888231087478701e-65 7.634958864891975227e-65
1.493493493493493496e+01 3.234436982562992173e-65 2.547197319280878889e-65
1.495495495495495497e+01 1.074277790683305195e-65 8.460197318245965616e-66
1.497497497497497498e+01 3.552192691632331694e-66 2.797437622211824155e-66
1.499499499499499500e+01 1.169333659943540876e-66 9.208785269307926930e-67
1.501501501501501501e+01 3.832149133778469736e-67 3.017910088608429418e-67
1.503503503503503502e+01 1.250283121705177967e-67 9.846281850963637269e-68
1.505505505505505504e+01 4.061031430142400174e-68 3.198160430436723036e-68
1.507507507507507505e+01 1.313186316750982222e-68 1.034165971937988842e-68
1.509509509509509506e+01 4.227448860788409071e-69 3.329218180366118033e-69
1.511511511511511507e+01 1.354853670849146762e-69 1.066980020637206503e-69
1.513513513513513509e+01 4.322832797717434428e-70 3.404335336692825777e-70
1.515515515515515510e+01 1.373113696410920862e-70 1.081360232220149355e-70
1.517517517517517511e+01 4.342167537828982004e-71 3.419561911965935986e-71
1.519519519519519513e+01 1.367000486473292514e-71 1.076545931601749566e-71
1.521521521521521514e+01 4.284427298860413941e-72 3.374090077854383536e-72
1.523523523523523515e+01 1.336838370353407574e-72 1.052792535960221416e-72
1.525525525525525516e+01 4.152666387519662811e-73 3.270325174731361844e-73
1.527527527527527518e+01 1.284213404506400845e-73 1.011349103098368547e-73
1.529529529529529519e+01 3.953751508667455921e-74 3.113674898683650087e-74
1.531531531531531520e+01 1.211835186387631669e-74 9.543495065193168531e-75
1.533533533533533522e+01 3.697768869031263866e-75 2.912082381352527944e-75
1.535535535535535523e+01 1.123305747986798863e-75 8.846304334974168755e-76
1.537537537537537524e+01 3.397177322278293529e-76 2.675359271205258919e-76
1.539539539539539525e+01 1.022822957324162866e-76 8.054978065859746032e-77
1.541541541541541527e+01 3.065806452692906253e-77 2.414396700208798523e-77
1.543543543543543528e+01 9.148523678809732409e-78 7.204683571103694480e-78
1.545545545545545529e+01 2.717811392715319783e-78 2.140342177373266941e-78
1.547547547547547531e+01 8.038030114591524300e-79 6.330143042070463021e-79
1.549549549549549532e+01 2.366693177777678070e-79 1.863828094501525809e-79
1.551551551551551533e+01 6.937393109481996430e-80 5.463364791626771405e-80
1.553553553553553535e+01 2.024476156432807700e-80 1.594323916778698533e-80
1.555555555555555536e+01 5.881539844734128106e-81 4.631854819406324813e-81
1.557557557557557537e+01 1.701106236078708744e-81 1.339662286732242733e-81
1.559559559559559538e+01 4.898169904921342816e-82 3.857427217923833341e-82
1.561561561561561540e+01 1.404100746882468538e-82 1.105763283607164811e-82
1.563563563563563541e+01 4.007049532404378363e-83 3.155648380905610018e-83
1.565565565565565542e+01 1.138447918215181857e-83 8.965552586282711600e-84
1.567567567567567544e+01 3.220057593056534523e-84 2.535873202409471939e-84
1.569569569569569545e+01 9.067261216629099557e-85 7.140687417541087578e-85
1.571571571571571546e+01 2.541854172112437313e-85 2.001771612219568733e-85
1.573573573573573547e+01 7.093934116550796771e-86 5.586644619217417885e-86
1.575575575575575549e+01 1.970995742201646949e-86 1.552206797633066838e-86
1.577577577577577550e+01 5.451879361808982826e-87 4.293486801662284232e-87
1.579579579579579551e+01 1.501304561893317630e-87 1.182313637920548652e-87
1.581581581581581553e+01 4.115791700100144115e-88 3.241285466908738499e-88
1.583583583583583554e+01 1.123310932476669739e-88 8.846345164085299293e-89
1.585585585585585555e+01 3.052169161430089054e-89 2.403657003645171539e-89
1.587587587587587556e+01 8.256181471067995361e-90 6.501942509306962870e-90
1.589589589589589558e+01 2.223370689933995892e-90 1.750958170370615941e-90
1.591591591591591559e+01 5.960827280162370939e-91 4.694295591653321281e-91
1.593593593593593560e+01 1.590974487917570743e-91 1.252930872518237584e-91
1.595595595595595562e+01 4.227483380858630261e-92 3.329245365755971340e-92
1.597597597597597563e+01 1.118311055146064772e-92 8.806969921340089220e-93
1.599599599599599564e+01 2.945135924109045582e-93 2.319365741627112947e-93
1.601601601601601743e+01 7.721649494255303031e-94 6.080985654760892150e-94
1.603603603603603744e+01 2.015472331844774984e-94 1.587233187239816499e-94
1.605605605605605746e+01 5.237277827531038973e-95 4.124482905227366750e-95
1.607607607607607747e+01 1.354866177223856904e-95 1.066989869709643834e-95
1.609609609609609748e+01 3.489387534277295040e-96 2.747977042421830564e-96
1.611611611611611750e+01 8.946723694592681970e-97 7.045761204831070867e-97
1.613613613613613751e+01 2.283709511341194485e-97 1.798476450975729090e-97
1.615615615615615752e+01 5.803362673853808407e-98 4.570288407332493589e-98
1.617617617617617753e+01 1.468184312465915105e-98 1.156230640783735220e-98
1.619619619619619755e+01 3.697800376719876972e-99 2.912107194419037857e-99
1.621621621621621756e+01 9.271891934163750249e-100 7.301839054736923840e-100
1.623623623623623757e+01 2.314489824776276523e-100 1.822716691948468424e-100
1.625625625625625759e+01 5.751805692241248239e-101 4.529686037874776467e-101
1.627627627627627760e+01 1.423033593269512942e-101 1.120673357856075164e-101
1.629629629629629761e+01 3.505000744506763685e-102 2.760272822941368777e-102
1.631631631631631763e+01 8.594549008582983256e-103 6.768415125448916399e-103
1.633633633633633764e+01 2.098070541793981956e-103 1.652281274463114807e-103
1.635635635635635765e+01 5.098930535939203610e-104 4.015531068424768092e-104
1.637637637637637766e+01 1.233673172789075839e-104 9.715474487640201106e-105
1.639639639639639768e+01 2.971550818443597467e-105 2.340168109520130759e-105
1.641641641641641769e+01 7.125711231956401311e-106 5.611669865840555260e-106
1.643643643643643770e+01 1.701121334692096583e-106 1.339674177255308522e-106
1.645645645645645772e+01 4.043005943728427874e-107 3.183964924102875628e-107
1.647647647647647773e+01 9.566112501910148398e-108 7.533544864892194310e-108
1.649649649649649774e+01 2.253349744172448454e-108 1.774567400354825324e-108
1.651651651651651775e+01 5.284254671554259797e-109 4.161478305604407386e-109
1.653653653653653777e+01 1.233675362739099646e-109 9.715491734026079875e-110
1.655655655655655778e+01 2.867345717067538262e-110 2.258104072931555481e-110
1.657657657657657779e+01 6.634699270073198336e-111 5.224986075188163776e-111
1.659659659659659781e+01 1.528355701887227971e-111 1.203617064652139835e-111
1.661661661661661782e+01 3.505013188294357605e-112 2.760282622724939079e-112
1.663663663663663783e+01 8.002337928169614374e-113 6.302034582371512651e-113
1.665665665665665784e+01 1.818888736578142731e-113 1.432418853376686173e-113
1.667667667667667786e+01 4.115829692124063954e-114 3.241315386546067588e-114
1.669669669669669787e+01 9.271941311138151284e-115 7.301877940297999536e-115
1.671671671671671788e+01 2.079437960833508048e-115 1.637607666496823633e-115
1.673673673673673790e+01 4.642835298192872733e-116 3.656345042174339141e-116
1.675675675675675791e+01 1.032006905022435334e-116 8.127303874288136994e-117
1.677677677677677792e+01 2.283725727055911340e-117 1.798489221243098547e-117
1.679679679679679793e+01 5.031150415215749553e-118 3.962152584707794070e-118
1.681681681681681795e+01 1.103450039220788579e-118 8.689935828140171424e-119
1.683683683683683796e+01 2.409350941723125996e-119 1.897422114899555006e-119
1.685685685685685797e+01 5.237324312361002308e-120 4.124519513154777389e-120
1.687687687687687799e+01 1.133393944599260668e-120 8.925751322212359046e-121
1.689689689689689800e+01 2.441823809661974176e-121 1.922995283463084352e-121
1.691691691691691801e+01 5.237328031165127272e-122 4.124522441802930819e-122
1.693693693693693803e+01 1.118322966191443181e-122 8.807063723702050715e-123
1.695695695695695804e+01 2.377314981950240308e-123 1.872193022079381251e-123
1.697697697697697805e+01 5.031161132450021644e-124 3.962161024788882304e-124
1.699699699699699806e+01 1.060014343165358697e-124 8.347869220721471095e-125
1.701701701701701808e+01 2.223398317734497350e-125 1.750979927931438533e-125
1.703703703703703809e+01 4.642851781628978770e-126 3.656358023278774728e-126
1.705705705705705810e+01 9.651934855228778361e-127 7.601132042965568449e-127
1.707707707707707812e+01 1.997588183664575154e-127 1.573148988182047558e-127
1.709709709709709813e+01 4.115850149513368374e-128 3.241331497234720851e-128
1.711711711711711814e+01 8.442579608675309365e-129 6.648735549020498534e-129
1.713713713713713815e+01 1.724061644878723469e-129 1.357740226130542813e-129
1.715715715715715817e+01 3.505035587222959865e-130 2.760300262422728301e-130
1.717717717717717818e+01 7.094047452275829276e-131 5.586733873840876333e-131
1.719719719719719819e+01 1.429413114480100222e-131 1.125697385040251925e-131
1.721721721721721821e+01 2.867368112947796481e-132 2.258121710228699803e-132
1.723723723723723822e+01 5.726261224187648034e-133 4.509569151721370827e-133
1.725725725725725823e+01 1.138468127489635020e-133 8.965711739204810371e-134
1.727727727727727824e+01 2.253370544379294819e-134 1.774583781020581505e-134
1.729729729729729826e+01 4.440239185413417346e-135 3.496795705411675899e-135
1.731731731731731827e+01 8.710480907597877869e-136 6.859714298684279447e-136
1.733733733733733828e+01 1.701139453205260522e-136 1.339688446022456988e-136
1.735735735735735830e+01 3.307498961782967548e-137 2.604735394257689025e-137
1.737737737737737831e+01 6.402086414921440057e-138 5.041797828124738495e-138
1.739739739739739832e+01 1.233688064526011992e-138 9.715591763668789604e-139
1.741741741741741833e+01 2.366743592981894539e-139 1.863867797693680597e-139
1.743743743743743835e+01 4.520214799909712828e-140 3.559778435312130315e-140
1.745745745745745836e+01 8.594664959267060066e-141 6.768506439415842492e-141
1.747747747747747837e+01 1.626899950387231233e-141 1.281223042744455024e-141
1.749749749749749839e+01 3.065877202750523480e-142 2.414452417589620414e-142
1.751751751751751840e+01 5.751891459283548766e-143 4.529753581494085898e-143
1.753753753753753841e+01 1.074307540268162106e-143 8.460431603418953156e-144
1.755755755755755843e+01 1.997600240126839269e-144 1.573158482937556763e-144
1.757757757757757844e+01 3.697860767207765575e-145 2.912154753388246690e-145
1.759759759759759845e+01 6.814822430517882714e-146 5.366837418682738451e-146
1.761761761761761846e+01 1.250318189240691790e-146 9.846558016283711282e-147
1.763763763763763848e+01 2.283750050843941606e-147 1.798508376814222528e-147
1.765765765765765849e+01 4.152776962732355302e-148 3.270412255384615821e-148
1.767767767767767850e+01 7.517798118702567509e-149 5.920447768217130131e-149
1.769769769769769852e+01 1.354892152371348964e-149 1.067010325766267066e-149
1.771771771771771853e+01 2.430976784184268742e-150 1.914452988662494433e-150
1.773773773773773854e+01 4.342290867174141045e-151 3.419659036806849832e-151
1.775775775775775855e+01 7.721808497594785540e-152 6.081110873734788396e-152
1.777777777777777857e+01 1.367039798336520871e-152 1.076576890644442613e-152
1.779779779779779858e+01 2.409380025131415743e-153 1.897445018786701479e-153
1.781781781781781859e+01 4.227576436364015356e-154 3.329318649216165210e-154
1.783783783783783861e+01 7.384815464594379489e-155 5.815720713127988093e-155
1.785785785785785862e+01 1.284250791545200882e-155 1.011378546295289699e-155
1.787787787787787863e+01 2.223422788359075121e-156 1.750999199139893473e-156
1.789789789789789864e+01 3.832271582864096915e-157 3.018006520223681162e-157
1.791791791791791866e+01 6.575859429855074259e-158 5.178648278508706332e-158
1.793793793793793867e+01 1.123338849372059592e-158 8.846565016385663523e-159
1.795795795795795868e+01 1.910429661437709300e-159 1.504509544790315831e-159
1.797797797797797870e+01 3.234546074667372619e-160 2.547283231950481482e-160
1.799799799799799871e+01 5.452022596216830920e-161 4.293599602221288927e-161
1.801801801801801872e+01 9.148796514056306942e-162 7.204898435456416280e-162
1.803803803803803874e+01 1.528383375269745446e-162 1.203638858109902028e-162
1.805805805805805875e+01 2.541924562757243830e-163 2.001827046554113072e-163
1.807807807807807876e+01 4.208768382379379831e-164 3.314506852001123713e-164
1.809809809809809877e+01 6.937602465514433534e-165 5.463529664563690784e-165
1.811811811811811879e+01 1.138481061613479938e-165 8.965813598557033140e-166
1.813813813813813880e+01 1.859962664093661316e-166 1.464765564295432137e-166
1.815815815815815881e+01 3.025134288869371340e-167 2.382366387910499382e-167
1.817817817817817883e+01 4.898319460501803693e-168 3.857544996559091776e-168
1.819819819819819884e+01 7.896080531116619810e-169 6.218354313321200979e-169
1.821821821821821885e+01 1.267179236426687230e-169 9.979342839187891265e-170
1.823823823823823886e+01 2.024540844743615668e-170 1.594374860387359637e-170
1.825825825825825888e+01 3.220157054164988488e-171 2.535951530436943756e-171
1.827827827827827889e+01 5.099053635626123435e-172 4.015628012404266372e-172
1.829829829829829890e+01 8.038298369962144860e-173 6.330354299660149294e-173
1.831831831831831892e+01 1.261538998666324962e-173 9.934924603245273514e-174
1.833833833833833893e+01 1.971057322081631501e-174 1.552255293277305207e-174
1.835835835835835894e+01 3.065913122635490652e-175 2.414480705367428735e-175
1.837837837837837895e+01 4.747691047563182373e-176 3.738921479788405306e-176
1.839839839839839897e+01 7.319258253811474104e-177 5.764092824730104976e-177
1.841841841841841898e+01 1.123346426934691044e-177 8.846624691523331320e-178
1.843843843843843899e+01 1.716415236979196643e-178 1.351718495050665766e-178
1.845845845845845901e+01 2.610916783212206861e-179 2.056160088113284881e-179
1.847847847847847902e+01 3.953900303244847679e-180 3.113792078010592878e-180
1.849849849849849903e+01 5.961017747136528798e-181 4.694445589000186686e-181
1.851851851851851904e+01 8.946993688026131731e-182 7.045973831187253536e-182
1.853853853853853906e+01 1.336890579159770360e-182 1.052833651657428190e-182
1.855855855855855907e+01 1.988733597105863799e-183 1.566175787199223836e-183
1.857857857857857908e+01 2.945231076005106688e-184 2.319440676045646316e-184
1.859859859859859910e+01 4.342343283207030111e-185 3.419700315699956091e-185
1.861861861861861911e+01 6.373690176558396727e-186 5.019435103908454659e-186
1.863863863863863912e+01 9.313646702214930851e-187 7.334721944037455753e-187
1.865865865865865914e+01 1.354910431477337256e-187 1.067024721004147192e-187
1.867867867867867915e+01 1.962291076885738270e-188 1.545351663253435102e-188
1.869869869869869916e+01 2.829295360133178532e-189 2.228138496943093795e-189
1.871871871871871917e+01 4.061207331537154438e-190 3.198298957037671542e-190
1.873873873873873919e+01 5.803554290629696348e-191 4.570439310176018660e-191
1.875875875875875920e+01 8.256480457143254224e-192 6.502177968069494349e-192
1.877877877877877921e+01 1.169385969664940141e-192 9.209197221010306528e-193
1.879879879879879923e+01 1.648856331415711442e-193 1.298514223620248948e-193
1.881881881881881924e+01 2.314567066876649798e-194 1.822777521969911761e-194
1.883883883883883925e+01 3.234586267423036032e-195 2.547314884717263506e-195
1.885885885885885926e+01 4.500178321151697451e-196 3.543999223889744083e-196
1.887887887887887928e+01 6.233080327112803502e-197 4.908701448096587528e-197
1.889889889889889929e+01 8.594838888226635060e-198 6.768643412676402284e-198
1.891891891891891930e+01 1.179871667273304639e-198 9.291774624690780519e-199
1.893893893893893932e+01 1.612478083015574043e-199 1.269865473527261356e-199
1.895895895895895933e+01 2.193890179759556584e-200 1.727741555889581704e-200
1.897897897897897934e+01 2.971652098863341492e-201 2.340247870299227463e-201
1.899899899899899935e+01 4.007218827564796587e-202 3.155781704937306496e-202
1.901901901901901937e+01 5.379602297499900220e-203 4.236566866153847961e-203
1.903903903903903938e+01 7.189841184336914199e-204 5.662173753741258766e-204
1.905905905905905939e+01 9.566441943475912321e-205 7.533804308089787767e-205
1.907907907907907941e+01 1.267195432398877779e-205 9.979470386384418841e-206
1.909909909909909942e+01 1.671085894016516018e-206 1.316020541588666402e-206
1.911911911911911943e+01 2.193895632027122157e-207 1.727745849682103228e-207
1.913913913913913944e+01 2.867445481879497979e-208 2.258182640132880800e-208
1.915915915915915946e+01 3.731095724049139924e-209 2.938328085386720711e-209
1.917917917917917947e+01 4.833254110481950559e-210 3.806304460403301803e-210
1.919919919919919948e+01 6.233111308119833684e-211 4.908725846388617913e-211
1.921921921921921950e+01 8.002619198168938993e-212 6.302256089295944725e-212
1.923923923923923951e+01 1.022872344427763731e-212 8.055367001240392712e-213
1.925925925925925952e+01 1.301585607033510518e-213 1.025030132577568149e-213
1.927927927927927954e+01 1.648868624685699206e-214 1.298523904867565575e-214
1.929929929929929955e+01 2.079511788199728512e-215 1.637665807332567213e-215
1.931931931931931956e+01 2.610951080620264798e-216 2.056187098151302038e-216
1.933933933933933957e+01 3.263608825695032893e-217 2.570170851003712352e-217
1.935935935935935959e+01 4.061247703424060039e-218 3.198330750874637849e-218
1.937937937937937960e+01 5.031330825030283411e-219 3.962294661798314141e-219
1.939939939939939961e+01 6.205378632090320886e-220 4.886885693552224147e-220
1.941941941941941963e+01 7.619311218745403329e-221 6.000391788674163791e-221
1.943943943943943964e+01 9.313762434413300919e-222 7.334813085941605023e-222
1.945945945945945965e+01 1.133434988877288675e-222 8.926074555824663619e-223
1.947947947947947966e+01 1.373188285176938888e-223 1.081418972676640988e-223
1.949949949949949968e+01 1.656248813754692486e-224 1.304335982182310191e-224
1.951951951951951969e+01 1.988763251758333050e-225 1.566199140954971915e-225
1.953953953953953970e+01 2.377401917136585130e-226 1.872261485640366597e-226
1.955955955955955972e+01 2.829333530691542083e-227 2.228168557180613623e-227
1.957957957957957973e+01 3.352182852189409813e-228 2.639925038227236391e-228
1.959959959959959974e+01 3.953969087536173405e-229 3.113846247302935892e-229
1.961961961961961975e+01 4.643023212832907964e-230 3.656493029496377826e-230
1.963963963963963977e+01 5.427882728926631218e-231 4.274588873126586595e-231
1.965965965965965978e+01 6.317162853093128317e-232 4.974918470079107457e-232
1.967967967967967979e+01 7.319403773953742526e-233 5.764207425360225083e-233
1.969969969969969981e+01 8.442894337308875521e-234 6.648983405428288390e-234
1.971971971971971982e+01 9.695473382868407383e-235 7.635419686066043803e-235
1.973973973973973983e+01 1.108431089673464899e-235 8.729162804670120627e-236
1.975975975975975985e+01 1.261567215597944712e-236 9.935146818403483328e-237
1.977977977977977986e+01 1.429466908685624583e-237 1.125739749277627221e-237
1.979979979979979987e+01 1.612500409746132894e-238 1.269883056367345990e-238
1.981981981981981988e+01 1.810871263346599518e-239 1.426104899376998034e-239
1.983983983983983990e+01 2.024591159303489613e-240 1.594414484319661694e-240
1.985985985985985991e+01 2.253456147251760888e-241 1.774651195352177141e-241
1.987987987987987992e+01 2.497025064722846464e-242 1.966467606365036218e-242
1.989989989989989994e+01 2.754601047353588829e-243 2.169314919824910521e-243
1.991991991991991995e+01 3.025216988775919907e-244 2.382431516086253123e-244
1.993993993993993996e+01 3.307625784045162347e-245 2.604835269855213055e-245
1.995995995995995997e+01 3.600296122030916708e-246 2.835320236595734264e-246
1.997997997997997999e+01 3.901414488135017098e-247 3.072458229718364377e-247
2.000000000000000000e+01 4.208893899939080173e-248 3.314605700113891448e-248
